Aktuelle Klasse 1 | Gefundene Klassen 8
Aktuelle Klasse 2 | Gefundene Klassen 13
Aktuelle Klasse 3 | Gefundene Klassen 16
Aktuelle Klasse 4 | Gefundene Klassen 18
Aktuelle Klasse 5 | Gefundene Klassen 18
Aktuelle Klasse 6 | Gefundene Klassen 18
Aktuelle Klasse 7 | Gefundene Klassen 18
Aktuelle Klasse 8 | Gefundene Klassen 19
Aktuelle Klasse 9 | Gefundene Klassen 19
Aktuelle Klasse 10 | Gefundene Klassen 19
Aktuelle Klasse 11 | Gefundene Klassen 19
Aktuelle Klasse 12 | Gefundene Klassen 19
Aktuelle Klasse 13 | Gefundene Klassen 19
Aktuelle Klasse 14 | Gefundene Klassen 19
Aktuelle Klasse 15 | Gefundene Klassen 19
Aktuelle Klasse 16 | Gefundene Klassen 19
Aktuelle Klasse 17 | Gefundene Klassen 19
Aktuelle Klasse 18 | Gefundene Klassen 19
Aktuelle Klasse 19 | Gefundene Klassen 19
==================================================
Laenge: (3,19)
Anzahl der Aequivalenzklassen: 19
==================================================

Klasse 1
Vertreter (Generatormatrix):
[1 0 0 1 0 0 0 0 0 0 0 0 0 0 0 0 0 0 0 0 0 0]
[0 1 0 0 1 0 0 0 0 0 0 0 0 0 0 0 0 0 0 0 0 0]
[0 0 1 0 0 1 0 0 0 0 0 0 0 0 0 0 0 0 0 0 0 0]
[0 0 0 0 0 0 1 0 0 0 0 1 1 1 0 0 0 0 0 0 0 0]
[0 0 0 0 0 0 0 1 0 0 1 0 1 1 0 0 0 0 0 0 0 0]
[0 0 0 0 0 0 0 0 1 0 1 1 0 1 0 0 0 0 0 0 0 0]
[0 0 0 0 0 0 0 0 0 1 1 1 1 0 0 0 0 0 0 0 0 0]
[0 0 0 0 0 0 0 0 0 0 0 0 0 0 1 0 0 0 0 1 1 1]
[0 0 0 0 0 0 0 0 0 0 0 0 0 0 0 1 0 0 1 0 1 1]
[0 0 0 0 0 0 0 0 0 0 0 0 0 0 0 0 1 0 1 1 0 1]
[0 0 0 0 0 0 0 0 0 0 0 0 0 0 0 0 0 1 1 1 1 0]
Stabilisator in S_3 x S_19:
Permutation group acting on a set of cardinality 22
Order = 21676032 = 2^14 * 3^3 * 7^2
    (7, 9)(10, 12)
    (7, 12)(9, 10)
    (7, 10)(8, 13)
    (8, 9)(12, 13)
    (9, 10)(13, 14)
    (7, 10)(11, 14)
    (15, 16)(17, 22)
    (15, 22)(16, 17)
    (15, 16)(18, 21)
    (17, 18)(21, 22)
    (16, 17)(20, 21)
    (15, 16)(19, 20)
    (7, 15)(8, 18)(9, 17)(10, 16)(11, 19)(12, 22)(13, 21)(14, 20)
    (1, 2)(4, 5)
    (2, 3)(5, 6)
Ordnung des Stabilisators: 21676032
Abstrakter Gruppentyp: C2^6.PSL(2,7)^2.C2*S3
Erzeuger des Stabilisators:
{
    (7, 9)(10, 12),
    (7, 12)(9, 10),
    (15, 16)(19, 20),
    (1, 2)(4, 5),
    (8, 9)(12, 13),
    (7, 15)(8, 18)(9, 17)(10, 16)(11, 19)(12, 22)(13, 21)(14, 20),
    (16, 17)(20, 21),
    (2, 3)(5, 6),
    (9, 10)(13, 14),
    (17, 18)(21, 22),
    (15, 22)(16, 17),
    (15, 16)(17, 22),
    (15, 16)(18, 21),
    (7, 10)(8, 13),
    (7, 10)(11, 14)
}

Klasse 2
Vertreter (Generatormatrix):
[1 0 0 0 1 1 0 0 0 0 0 1 1 1 0 0 0 0 0 0 0 0]
[0 1 0 0 1 0 1 0 0 0 0 1 1 1 0 0 0 0 0 0 0 0]
[0 0 1 0 0 1 1 0 0 0 0 1 1 1 0 0 0 0 0 0 0 0]
[0 0 0 1 1 1 1 0 0 0 0 0 0 0 0 0 0 0 0 0 0 0]
[0 0 0 0 0 0 0 1 0 0 1 0 1 1 0 0 0 0 0 0 0 0]
[0 0 0 0 0 0 0 0 1 0 1 1 0 1 0 0 0 0 0 0 0 0]
[0 0 0 0 0 0 0 0 0 1 1 1 1 0 0 0 0 0 0 0 0 0]
[0 0 0 0 0 0 0 0 0 0 0 0 0 0 1 0 0 0 0 1 1 1]
[0 0 0 0 0 0 0 0 0 0 0 0 0 0 0 1 0 0 1 0 1 1]
[0 0 0 0 0 0 0 0 0 0 0 0 0 0 0 0 1 0 1 1 0 1]
[0 0 0 0 0 0 0 0 0 0 0 0 0 0 0 0 0 1 1 1 1 0]
Stabilisator in S_3 x S_19:
Permutation group acting on a set of cardinality 22
Order = 5419008 = 2^12 * 3^3 * 7^2
    (16, 19)(17, 18)
    (16, 17)(18, 19)
    (18, 19)(20, 21)
    (16, 21)(17, 20)
    (17, 18)(21, 22)
    (15, 22)(18, 19)
    (8, 9)(12, 13)
    (8, 13)(9, 12)
    (9, 12)(11, 14)
    (8, 11)(13, 14)
    (8, 12)(10, 14)
    (4, 5)(6, 7)
    (4, 6)(5, 7)
    (2, 3)(4, 7)
    (1, 3)(5, 7)
Ordnung des Stabilisators: 5419008
Abstrakter Gruppentyp: C2^3.PSL(2,7)*PSL(2,7)*S4
Erzeuger des Stabilisators:
{
    (16, 17)(18, 19),
    (2, 3)(4, 7),
    (4, 6)(5, 7),
    (4, 5)(6, 7),
    (18, 19)(20, 21),
    (1, 3)(5, 7),
    (8, 9)(12, 13),
    (9, 12)(11, 14),
    (17, 18)(21, 22),
    (15, 22)(18, 19),
    (8, 11)(13, 14),
    (8, 12)(10, 14),
    (16, 19)(17, 18),
    (8, 13)(9, 12),
    (16, 21)(17, 20)
}

Klasse 3
Vertreter (Generatormatrix):
[1 0 0 0 1 0 0 1 0 0 0 1 1 1 0 0 0 0 0 0 0 0]
[0 1 0 0 1 0 0 1 0 0 1 0 1 1 0 0 0 0 0 0 0 0]
[0 0 1 0 0 1 0 0 0 0 0 0 0 0 0 0 0 0 0 0 0 0]
[0 0 0 1 1 0 0 0 0 0 1 1 0 0 0 0 0 0 0 0 0 0]
[0 0 0 0 0 0 1 1 0 0 1 1 0 0 0 0 0 0 0 0 0 0]
[0 0 0 0 0 0 0 0 1 0 1 1 0 1 0 0 0 0 0 0 0 0]
[0 0 0 0 0 0 0 0 0 1 1 1 1 0 0 0 0 0 0 0 0 0]
[0 0 0 0 0 0 0 0 0 0 0 0 0 0 1 0 0 0 0 1 1 1]
[0 0 0 0 0 0 0 0 0 0 0 0 0 0 0 1 0 0 1 0 1 1]
[0 0 0 0 0 0 0 0 0 0 0 0 0 0 0 0 1 0 1 1 0 1]
[0 0 0 0 0 0 0 0 0 0 0 0 0 0 0 0 0 1 1 1 1 0]
Stabilisator in S_3 x S_19:
Permutation group acting on a set of cardinality 22
Order = 5160960 = 2^14 * 3^2 * 5 * 7
    (10, 11)(12, 13)
    (10, 13)(11, 12)
    (9, 14)(11, 12)
    (9, 10)(13, 14)
    (7, 8)(11, 12)
    (7, 14)(8, 9)
    (4, 5)(11, 12)
    (4, 8)(5, 7)
    (16, 19)(17, 18)
    (16, 17)(18, 19)
    (18, 19)(20, 21)
    (16, 21)(17, 20)
    (17, 18)(21, 22)
    (15, 22)(18, 19)
    (1, 2)(11, 12)
Ordnung des Stabilisators: 5160960
Abstrakter Gruppentyp: C2wrS5*C2^3.PSL(2,7)
Erzeuger des Stabilisators:
{
    (7, 14)(8, 9),
    (16, 17)(18, 19),
    (10, 13)(11, 12),
    (4, 5)(11, 12),
    (18, 19)(20, 21),
    (1, 2)(11, 12),
    (9, 14)(11, 12),
    (4, 8)(5, 7),
    (9, 10)(13, 14),
    (17, 18)(21, 22),
    (10, 11)(12, 13),
    (15, 22)(18, 19),
    (16, 19)(17, 18),
    (16, 21)(17, 20),
    (7, 8)(11, 12)
}

Klasse 4
Vertreter (Generatormatrix):
[1 0 0 0 1 0 0 0 0 0 0 1 1 1 1 0 0 0 0 0 0 0]
[0 1 0 0 1 0 0 0 0 0 0 0 0 0 1 0 0 0 0 1 1 1]
[0 0 1 0 0 1 0 0 0 0 0 0 0 0 0 0 0 0 0 0 0 0]
[0 0 0 1 1 0 0 0 0 0 0 1 1 1 0 0 0 0 0 1 1 1]
[0 0 0 0 0 0 1 0 0 0 0 1 1 1 1 0 0 0 0 1 1 1]
[0 0 0 0 0 0 0 1 0 0 1 0 1 1 0 0 0 0 0 0 0 0]
[0 0 0 0 0 0 0 0 1 0 1 1 0 1 0 0 0 0 0 0 0 0]
[0 0 0 0 0 0 0 0 0 1 1 1 1 0 0 0 0 0 0 0 0 0]
[0 0 0 0 0 0 0 0 0 0 0 0 0 0 0 1 0 0 1 0 1 1]
[0 0 0 0 0 0 0 0 0 0 0 0 0 0 0 0 1 0 1 1 0 1]
[0 0 0 0 0 0 0 0 0 0 0 0 0 0 0 0 0 1 1 1 1 0]
Stabilisator in S_3 x S_19:
Permutation group acting on a set of cardinality 22
Order = 451584 = 2^10 * 3^2 * 7^2
    (16, 21)(17, 20)
    (16, 17)(20, 21)
    (17, 20)(19, 22)
    (16, 22)(19, 21)
    (17, 21)(18, 22)
    (10, 11)(12, 13)
    (10, 13)(11, 12)
    (9, 14)(11, 12)
    (9, 10)(13, 14)
    (8, 14)(10, 12)
    (4, 5)(8, 18)(9, 19)(10, 21)(11, 20)(12, 17)(13, 16)(14, 22)
    (7, 15)(8, 18)(9, 19)(10, 21)(11, 20)(12, 17)(13, 16)(14, 22)
    (4, 7)(5, 15)
    (1, 2)(8, 18)(9, 19)(10, 21)(11, 20)(12, 17)(13, 16)(14, 22)
Ordnung des Stabilisators: 451584
Abstrakter Gruppentyp: D4.PSL(2,7)^2.C2
Erzeuger des Stabilisators:
{
    (17, 21)(18, 22),
    (10, 13)(11, 12),
    (9, 14)(11, 12),
    (1, 2)(8, 18)(9, 19)(10, 21)(11, 20)(12, 17)(13, 16)(14, 22),
    (16, 17)(20, 21),
    (8, 14)(10, 12),
    (4, 7)(5, 15),
    (9, 10)(13, 14),
    (10, 11)(12, 13),
    (16, 22)(19, 21),
    (7, 15)(8, 18)(9, 19)(10, 21)(11, 20)(12, 17)(13, 16)(14, 22),
    (16, 21)(17, 20),
    (17, 20)(19, 22),
    (4, 5)(8, 18)(9, 19)(10, 21)(11, 20)(12, 17)(13, 16)(14, 22)
}

Klasse 5
Vertreter (Generatormatrix):
[1 0 0 0 0 0 0 0 0 0 1 1 0 0 0 0 0 0 0 1 1 1]
[0 1 0 0 1 0 0 0 0 0 0 0 0 0 0 0 0 0 0 0 0 0]
[0 0 1 0 0 1 0 0 0 0 0 0 0 0 0 0 0 0 0 0 0 0]
[0 0 0 1 0 0 0 0 0 0 1 1 0 0 1 0 0 0 0 0 0 0]
[0 0 0 0 0 0 1 0 0 0 0 1 1 1 1 0 0 0 0 1 1 1]
[0 0 0 0 0 0 0 1 0 0 1 0 1 1 1 0 0 0 0 1 1 1]
[0 0 0 0 0 0 0 0 1 0 1 1 0 1 0 0 0 0 0 0 0 0]
[0 0 0 0 0 0 0 0 0 1 1 1 1 0 0 0 0 0 0 0 0 0]
[0 0 0 0 0 0 0 0 0 0 0 0 0 0 0 1 0 0 1 0 1 1]
[0 0 0 0 0 0 0 0 0 0 0 0 0 0 0 0 1 0 1 1 0 1]
[0 0 0 0 0 0 0 0 0 0 0 0 0 0 0 0 0 1 1 1 1 0]
Stabilisator in S_3 x S_19:
Permutation group acting on a set of cardinality 22
Order = 645120 = 2^11 * 3^2 * 5 * 7
    (7, 8)(11, 12)
    (7, 11)(8, 12)
    (4, 15)(7, 8)
    (4, 12)(11, 15)
    (7, 8)(10, 13)
    (4, 10)(13, 15)
    (7, 8)(9, 14)
    (9, 13)(10, 14)
    (16, 19)(17, 18)
    (16, 17)(18, 19)
    (18, 19)(20, 21)
    (16, 21)(17, 20)
    (17, 18)(21, 22)
    (2, 3)(5, 6)
Ordnung des Stabilisators: 645120
Abstrakter Gruppentyp: C2*C2^4.S5*PSL(2,7)
Erzeuger des Stabilisators:
{
    (16, 17)(18, 19),
    (7, 8)(9, 14),
    (18, 19)(20, 21),
    (4, 10)(13, 15),
    (9, 13)(10, 14),
    (4, 15)(7, 8),
    (2, 3)(5, 6),
    (7, 11)(8, 12),
    (17, 18)(21, 22),
    (4, 12)(11, 15),
    (16, 19)(17, 18),
    (7, 8)(10, 13),
    (16, 21)(17, 20),
    (7, 8)(11, 12)
}

Klasse 6
Vertreter (Generatormatrix):
[1 0 0 0 1 1 0 0 0 0 1 1 0 0 1 0 0 0 0 0 0 0]
[0 1 0 0 1 0 0 0 0 0 0 0 0 0 1 0 0 0 0 1 1 1]
[0 0 1 0 0 1 0 0 0 0 0 0 0 0 1 0 0 0 0 1 1 1]
[0 0 0 1 1 1 0 0 0 0 1 1 0 0 0 0 0 0 0 1 1 1]
[0 0 0 0 0 0 1 0 0 0 0 1 1 1 1 0 0 0 0 1 1 1]
[0 0 0 0 0 0 0 1 0 0 1 0 1 1 1 0 0 0 0 1 1 1]
[0 0 0 0 0 0 0 0 1 0 1 1 0 1 0 0 0 0 0 0 0 0]
[0 0 0 0 0 0 0 0 0 1 1 1 1 0 0 0 0 0 0 0 0 0]
[0 0 0 0 0 0 0 0 0 0 0 0 0 0 0 1 0 0 1 0 1 1]
[0 0 0 0 0 0 0 0 0 0 0 0 0 0 0 0 1 0 1 1 0 1]
[0 0 0 0 0 0 0 0 0 0 0 0 0 0 0 0 0 1 1 1 1 0]
Stabilisator in S_3 x S_19:
Permutation group acting on a set of cardinality 22
Order = 193536 = 2^10 * 3^3 * 7
    (7, 13)(8, 10)
    (7, 8)(10, 13)
    (9, 14)(10, 13)
    (7, 14)(8, 9)
    (10, 13)(11, 12)
    (9, 11)(12, 14)
    (18, 19)(20, 21)
    (18, 21)(19, 20)
    (17, 22)(19, 20)
    (17, 18)(21, 22)
    (16, 22)(18, 20)
    (1, 2)(4, 5)
    (2, 3)(5, 6)
Ordnung des Stabilisators: 193536
Abstrakter Gruppentyp: C2^3:S4*PSL(2,7)*S3
Erzeuger des Stabilisators:
{
    (7, 14)(8, 9),
    (16, 22)(18, 20),
    (10, 13)(11, 12),
    (1, 2)(4, 5),
    (18, 19)(20, 21),
    (9, 14)(10, 13),
    (18, 21)(19, 20),
    (17, 22)(19, 20),
    (9, 11)(12, 14),
    (2, 3)(5, 6),
    (7, 13)(8, 10),
    (17, 18)(21, 22),
    (7, 8)(10, 13)
}

Klasse 7
Vertreter (Generatormatrix):
[1 0 0 1 0 0 0 0 0 0 0 0 0 0 0 0 0 0 0 0 0 0]
[0 1 0 0 1 0 0 0 0 0 0 0 0 0 0 0 0 0 0 0 0 0]
[0 0 1 0 0 1 0 0 0 0 0 0 0 0 0 0 0 0 0 0 0 0]
[0 0 0 0 0 0 1 0 0 0 0 1 1 1 0 1 0 0 1 0 1 1]
[0 0 0 0 0 0 0 1 0 0 0 1 1 1 0 1 0 0 0 1 1 1]
[0 0 0 0 0 0 0 0 1 0 0 0 0 1 0 0 0 0 1 1 0 0]
[0 0 0 0 0 0 0 0 0 1 0 0 1 0 0 0 0 0 1 1 0 0]
[0 0 0 0 0 0 0 0 0 0 1 1 0 0 0 0 0 0 1 1 0 0]
[0 0 0 0 0 0 0 0 0 0 0 0 0 0 1 1 0 0 1 1 0 0]
[0 0 0 0 0 0 0 0 0 0 0 0 0 0 0 0 1 0 1 1 0 1]
[0 0 0 0 0 0 0 0 0 0 0 0 0 0 0 0 0 1 1 1 1 0]
Stabilisator in S_3 x S_19:
Permutation group acting on a set of cardinality 22
Order = 30965760 = 2^15 * 3^3 * 5 * 7
    (10, 13)(18, 21)
    (10, 18)(13, 21)
    (10, 13)(15, 16)
    (15, 21)(16, 18)
    (10, 13)(17, 22)
    (15, 22)(16, 17)
    (9, 14)(10, 13)
    (9, 17)(14, 22)
    (10, 13)(11, 12)
    (9, 12)(11, 14)
    (10, 13)(19, 20)
    (11, 20)(12, 19)
    (7, 8)(10, 13)
    (7, 20)(8, 19)
    (1, 2)(4, 5)
    (2, 3)(5, 6)
Ordnung des Stabilisators: 30965760
Abstrakter Gruppentyp: C2^7.A8.C2*S3
Erzeuger des Stabilisators:
{
    (9, 17)(14, 22),
    (10, 13)(17, 22),
    (10, 13)(11, 12),
    (11, 20)(12, 19),
    (1, 2)(4, 5),
    (9, 14)(10, 13),
    (15, 21)(16, 18),
    (7, 20)(8, 19),
    (10, 13)(15, 16),
    (10, 18)(13, 21),
    (10, 13)(18, 21),
    (2, 3)(5, 6),
    (9, 12)(11, 14),
    (15, 22)(16, 17),
    (7, 8)(10, 13),
    (10, 13)(19, 20)
}

Klasse 8
Vertreter (Generatormatrix):
[1 0 0 0 1 0 0 0 0 0 1 1 0 0 0 0 0 0 1 1 0 0]
[0 1 0 0 1 0 0 0 0 0 0 0 0 0 0 1 0 0 1 0 1 1]
[0 0 1 0 0 1 0 0 0 0 0 0 0 0 0 0 0 0 0 0 0 0]
[0 0 0 1 1 0 0 0 0 0 1 1 0 0 0 1 0 0 0 1 1 1]
[0 0 0 0 0 0 1 0 0 0 0 1 1 1 0 1 0 0 1 0 1 1]
[0 0 0 0 0 0 0 1 0 0 1 0 1 1 0 1 0 0 1 0 1 1]
[0 0 0 0 0 0 0 0 1 0 1 1 0 1 0 0 0 0 0 0 0 0]
[0 0 0 0 0 0 0 0 0 1 1 1 1 0 0 0 0 0 0 0 0 0]
[0 0 0 0 0 0 0 0 0 0 0 0 0 0 1 1 0 0 1 1 0 0]
[0 0 0 0 0 0 0 0 0 0 0 0 0 0 0 0 1 0 1 1 0 1]
[0 0 0 0 0 0 0 0 0 0 0 0 0 0 0 0 0 1 1 1 1 0]
Stabilisator in S_3 x S_19:
Permutation group acting on a set of cardinality 22
Order = 147456 = 2^14 * 3^2
    (15, 16)(17, 22)
    (15, 22)(16, 17)
    (15, 16)(18, 21)
    (17, 18)(21, 22)
    (15, 16)(19, 20)
    (18, 20)(19, 21)
    (7, 8)(11, 12)
    (7, 11)(8, 12)
    (7, 8)(10, 13)
    (10, 11)(12, 13)
    (7, 8)(9, 14)
    (9, 13)(10, 14)
    (7, 16)(8, 15)(9, 20)(10, 21)(11, 22)(12, 17)(13, 18)(14, 19)
    (1, 2)(4, 5)
Ordnung des Stabilisators: 147456
Abstrakter Gruppentyp: C2*C2^6.A4^2.D4
Erzeuger des Stabilisators:
{
    (18, 20)(19, 21),
    (7, 8)(9, 14),
    (15, 16)(19, 20),
    (1, 2)(4, 5),
    (7, 16)(8, 15)(9, 20)(10, 21)(11, 22)(12, 17)(13, 18)(14, 19),
    (9, 13)(10, 14),
    (17, 18)(21, 22),
    (7, 11)(8, 12),
    (10, 11)(12, 13),
    (15, 22)(16, 17),
    (15, 16)(17, 22),
    (15, 16)(18, 21),
    (7, 8)(10, 13),
    (7, 8)(11, 12)
}

Klasse 9
Vertreter (Generatormatrix):
[1 0 0 0 1 0 1 0 0 0 1 1 0 0 1 0 0 0 0 0 0 0]
[0 1 0 0 1 0 1 0 0 0 0 1 1 1 1 0 0 0 0 1 1 1]
[0 0 1 0 0 0 0 0 0 0 1 1 0 0 0 0 0 0 0 1 1 1]
[0 0 0 1 1 0 0 0 0 0 1 0 1 1 0 0 0 0 0 1 1 1]
[0 0 0 0 0 1 1 0 0 0 1 0 1 1 0 0 0 0 0 1 1 1]
[0 0 0 0 0 0 0 1 0 0 1 0 1 1 1 0 0 0 0 1 1 1]
[0 0 0 0 0 0 0 0 1 0 1 1 0 1 0 0 0 0 0 0 0 0]
[0 0 0 0 0 0 0 0 0 1 1 1 1 0 0 0 0 0 0 0 0 0]
[0 0 0 0 0 0 0 0 0 0 0 0 0 0 0 1 0 0 1 0 1 1]
[0 0 0 0 0 0 0 0 0 0 0 0 0 0 0 0 1 0 1 1 0 1]
[0 0 0 0 0 0 0 0 0 0 0 0 0 0 0 0 0 1 1 1 1 0]
Stabilisator in S_3 x S_19:
Permutation group acting on a set of cardinality 22
Order = 193536 = 2^10 * 3^3 * 7
    (16, 17)(20, 21)
    (16, 21)(17, 20)
    (16, 20)(18, 22)
    (17, 18)(21, 22)
    (17, 20)(19, 22)
    (9, 14)(11, 12)
    (9, 11)(12, 14)
    (10, 13)(11, 12)
    (9, 10)(13, 14)
    (4, 7)(5, 6)
    (4, 5)(6, 7)
    (6, 7)(8, 15)
    (4, 8)(5, 15)
    (1, 2)(6, 7)
Ordnung des Stabilisators: 193536
Abstrakter Gruppentyp: C2*PSL(2,7)*S4^2
Erzeuger des Stabilisators:
{
    (10, 13)(11, 12),
    (4, 5)(6, 7),
    (4, 7)(5, 6),
    (1, 2)(6, 7),
    (9, 14)(11, 12),
    (9, 11)(12, 14),
    (16, 17)(20, 21),
    (16, 20)(18, 22),
    (9, 10)(13, 14),
    (17, 18)(21, 22),
    (4, 8)(5, 15),
    (6, 7)(8, 15),
    (16, 21)(17, 20),
    (17, 20)(19, 22)
}

Klasse 10
Vertreter (Generatormatrix):
[1 0 0 0 1 0 1 0 0 0 0 1 1 1 0 1 0 0 0 1 1 1]
[0 1 0 0 1 0 1 0 0 0 0 1 1 1 0 1 0 0 1 0 1 1]
[0 0 1 0 0 0 0 0 0 0 0 1 1 1 0 0 0 0 1 1 0 0]
[0 0 0 1 1 0 0 0 0 0 0 0 0 0 0 0 0 0 1 1 0 0]
[0 0 0 0 0 1 1 0 0 0 0 0 0 0 0 0 0 0 1 1 0 0]
[0 0 0 0 0 0 0 1 0 0 1 0 1 1 0 0 0 0 0 0 0 0]
[0 0 0 0 0 0 0 0 1 0 1 1 0 1 0 0 0 0 0 0 0 0]
[0 0 0 0 0 0 0 0 0 1 1 1 1 0 0 0 0 0 0 0 0 0]
[0 0 0 0 0 0 0 0 0 0 0 0 0 0 1 1 0 0 1 1 0 0]
[0 0 0 0 0 0 0 0 0 0 0 0 0 0 0 0 1 0 1 1 0 1]
[0 0 0 0 0 0 0 0 0 0 0 0 0 0 0 0 0 1 1 1 1 0]
Stabilisator in S_3 x S_19:
Permutation group acting on a set of cardinality 22
Order = 7741440 = 2^13 * 3^3 * 5 * 7
    (4, 5)(15, 16)
    (4, 16)(5, 15)
    (4, 5)(18, 21)
    (15, 18)(16, 21)
    (4, 5)(17, 22)
    (17, 18)(21, 22)
    (4, 5)(6, 7)
    (6, 22)(7, 17)
    (4, 5)(19, 20)
    (6, 20)(7, 19)
    (8, 10)(12, 14)
    (8, 14)(10, 12)
    (8, 12)(9, 13)
    (9, 14)(10, 13)
    (8, 10)(9, 11)
    (1, 2)(4, 5)
Ordnung des Stabilisators: 7741440
Abstrakter Gruppentyp: C2^6.A6.C2*PSL(2,7)
Erzeuger des Stabilisators:
{
    (6, 20)(7, 19),
    (8, 10)(12, 14),
    (4, 5)(17, 22),
    (1, 2)(4, 5),
    (4, 5)(6, 7),
    (6, 22)(7, 17),
    (9, 14)(10, 13),
    (8, 12)(9, 13),
    (4, 5)(15, 16),
    (8, 10)(9, 11),
    (4, 5)(18, 21),
    (8, 14)(10, 12),
    (17, 18)(21, 22),
    (4, 16)(5, 15),
    (4, 5)(19, 20),
    (15, 18)(16, 21)
}

Klasse 11
Vertreter (Generatormatrix):
[1 0 0 0 0 0 0 0 0 0 1 0 1 1 0 0 0 0 1 1 0 0]
[0 1 0 0 0 1 1 0 0 0 1 0 1 1 0 1 0 0 0 1 1 1]
[0 0 1 0 0 1 1 0 0 0 0 1 1 1 0 0 0 0 0 0 0 0]
[0 0 0 1 0 0 1 0 0 0 1 1 0 0 0 1 0 0 0 1 1 1]
[0 0 0 0 1 1 0 0 0 0 1 1 0 0 0 1 0 0 0 1 1 1]
[0 0 0 0 0 0 0 1 0 0 1 0 1 1 0 1 0 0 1 0 1 1]
[0 0 0 0 0 0 0 0 1 0 1 1 0 1 0 0 0 0 0 0 0 0]
[0 0 0 0 0 0 0 0 0 1 1 1 1 0 0 0 0 0 0 0 0 0]
[0 0 0 0 0 0 0 0 0 0 0 0 0 0 1 1 0 0 1 1 0 0]
[0 0 0 0 0 0 0 0 0 0 0 0 0 0 0 0 1 0 1 1 0 1]
[0 0 0 0 0 0 0 0 0 0 0 0 0 0 0 0 0 1 1 1 1 0]
Stabilisator in S_3 x S_19:
Permutation group acting on a set of cardinality 22
Order = 36864 = 2^12 * 3^2
    (18, 19)(20, 21)
    (18, 21)(19, 20)
    (17, 22)(19, 20)
    (17, 18)(21, 22)
    (15, 16)(19, 20)
    (15, 17)(16, 22)
    (10, 13)(11, 12)
    (10, 11)(12, 13)
    (9, 14)(11, 12)
    (9, 10)(13, 14)
    (4, 5)(6, 7)
    (4, 7)(5, 6)
    (2, 3)(5, 6)
Ordnung des Stabilisators: 36864
Abstrakter Gruppentyp: C2.C2^6.D6^2.C2
Erzeuger des Stabilisators:
{
    (10, 13)(11, 12),
    (15, 16)(19, 20),
    (4, 5)(6, 7),
    (4, 7)(5, 6),
    (18, 19)(20, 21),
    (18, 21)(19, 20),
    (17, 22)(19, 20),
    (9, 14)(11, 12),
    (2, 3)(5, 6),
    (9, 10)(13, 14),
    (15, 17)(16, 22),
    (17, 18)(21, 22),
    (10, 11)(12, 13)
}

Klasse 12
Vertreter (Generatormatrix):
[1 0 0 0 1 1 0 0 0 0 0 1 1 1 0 1 0 0 1 0 1 1]
[0 1 0 0 1 0 1 0 0 0 0 1 1 1 0 1 0 0 1 0 1 1]
[0 0 1 0 0 1 1 0 0 0 0 1 1 1 0 1 0 0 1 0 1 1]
[0 0 0 1 1 1 1 0 0 0 0 0 0 0 0 0 0 0 0 0 0 0]
[0 0 0 0 0 0 0 1 0 0 0 1 1 1 0 1 0 0 0 1 1 1]
[0 0 0 0 0 0 0 0 1 0 0 0 0 1 0 0 0 0 1 1 0 0]
[0 0 0 0 0 0 0 0 0 1 0 0 1 0 0 0 0 0 1 1 0 0]
[0 0 0 0 0 0 0 0 0 0 1 1 0 0 0 0 0 0 1 1 0 0]
[0 0 0 0 0 0 0 0 0 0 0 0 0 0 1 1 0 0 1 1 0 0]
[0 0 0 0 0 0 0 0 0 0 0 0 0 0 0 0 1 0 1 1 0 1]
[0 0 0 0 0 0 0 0 0 0 0 0 0 0 0 0 0 1 1 1 1 0]
Stabilisator in S_3 x S_19:
Permutation group acting on a set of cardinality 22
Order = 7741440 = 2^13 * 3^3 * 5 * 7
    (9, 22)(14, 17)
    (9, 14)(17, 22)
    (17, 22)(18, 21)
    (9, 21)(14, 18)
    (17, 22)(19, 20)
    (18, 19)(20, 21)
    (11, 12)(17, 22)
    (11, 19)(12, 20)
    (15, 16)(17, 22)
    (11, 15)(12, 16)
    (10, 13)(17, 22)
    (10, 15)(13, 16)
    (4, 6)(5, 7)
    (4, 5)(6, 7)
    (2, 3)(4, 7)
    (1, 2)(6, 7)
Ordnung des Stabilisators: 7741440
Abstrakter Gruppentyp: C2^6.A7.C2*S4
Erzeuger des Stabilisators:
{
    (11, 19)(12, 20),
    (2, 3)(4, 7),
    (10, 13)(17, 22),
    (9, 22)(14, 17),
    (4, 6)(5, 7),
    (4, 5)(6, 7),
    (18, 19)(20, 21),
    (17, 22)(19, 20),
    (10, 15)(13, 16),
    (1, 2)(6, 7),
    (11, 12)(17, 22),
    (9, 21)(14, 18),
    (9, 14)(17, 22),
    (15, 16)(17, 22),
    (17, 22)(18, 21),
    (11, 15)(12, 16)
}

Klasse 13
Vertreter (Generatormatrix):
[1 0 0 0 0 0 1 0 0 0 1 1 0 0 0 0 0 0 1 1 0 0]
[0 1 0 0 0 1 0 0 0 0 1 1 0 0 0 0 0 0 1 1 0 0]
[0 0 1 0 0 1 1 0 0 0 0 1 1 1 0 0 0 0 0 0 0 0]
[0 0 0 1 0 0 0 0 0 0 1 0 1 1 0 1 0 0 0 1 1 1]
[0 0 0 0 1 1 1 0 0 0 1 0 1 1 0 0 0 0 1 1 0 0]
[0 0 0 0 0 0 0 1 0 0 1 0 1 1 0 1 0 0 1 0 1 1]
[0 0 0 0 0 0 0 0 1 0 1 1 0 1 0 0 0 0 0 0 0 0]
[0 0 0 0 0 0 0 0 0 1 1 1 1 0 0 0 0 0 0 0 0 0]
[0 0 0 0 0 0 0 0 0 0 0 0 0 0 1 1 0 0 1 1 0 0]
[0 0 0 0 0 0 0 0 0 0 0 0 0 0 0 0 1 0 1 1 0 1]
[0 0 0 0 0 0 0 0 0 0 0 0 0 0 0 0 0 1 1 1 1 0]
Stabilisator in S_3 x S_19:
Permutation group acting on a set of cardinality 22
Order = 276480 = 2^11 * 3^3 * 5
    (15, 16)(18, 21)
    (15, 18)(16, 21)
    (15, 16)(19, 20)
    (18, 20)(19, 21)
    (15, 16)(17, 22)
    (17, 19)(20, 22)
    (4, 8)(15, 16)
    (4, 17)(8, 22)
    (10, 11)(12, 13)
    (10, 13)(11, 12)
    (9, 14)(11, 12)
    (9, 10)(13, 14)
    (1, 2)(6, 7)
    (1, 3)(5, 7)
Ordnung des Stabilisators: 276480
Abstrakter Gruppentyp: C2^4.S5*S4*S3
Erzeuger des Stabilisators:
{
    (18, 20)(19, 21),
    (10, 13)(11, 12),
    (15, 16)(19, 20),
    (1, 2)(6, 7),
    (9, 14)(11, 12),
    (4, 17)(8, 22),
    (1, 3)(5, 7),
    (17, 19)(20, 22),
    (9, 10)(13, 14),
    (10, 11)(12, 13),
    (15, 16)(17, 22),
    (15, 16)(18, 21),
    (15, 18)(16, 21),
    (4, 8)(15, 16)
}

Klasse 14
Vertreter (Generatormatrix):
[1 0 0 0 1 0 0 1 0 0 0 1 1 1 0 1 0 0 1 0 1 1]
[0 1 0 0 1 0 0 1 0 0 0 1 1 1 0 1 0 0 0 1 1 1]
[0 0 1 0 0 1 0 0 0 0 0 0 0 0 0 0 0 0 0 0 0 0]
[0 0 0 1 1 0 0 0 0 0 0 0 0 0 0 0 0 0 1 1 0 0]
[0 0 0 0 0 0 1 1 0 0 0 0 0 0 0 0 0 0 1 1 0 0]
[0 0 0 0 0 0 0 0 1 0 0 0 0 1 0 0 0 0 1 1 0 0]
[0 0 0 0 0 0 0 0 0 1 0 0 1 0 0 0 0 0 1 1 0 0]
[0 0 0 0 0 0 0 0 0 0 1 1 0 0 0 0 0 0 1 1 0 0]
[0 0 0 0 0 0 0 0 0 0 0 0 0 0 1 1 0 0 1 1 0 0]
[0 0 0 0 0 0 0 0 0 0 0 0 0 0 0 0 1 0 1 1 0 1]
[0 0 0 0 0 0 0 0 0 0 0 0 0 0 0 0 0 1 1 1 1 0]
Stabilisator in S_3 x S_19:
Permutation group acting on a set of cardinality 22
Order = 185794560 = 2^16 * 3^4 * 5 * 7
    (7, 14)(8, 9)
    (7, 8)(9, 14)
    (9, 14)(15, 16)
    (7, 16)(8, 15)
    (9, 14)(18, 21)
    (15, 21)(16, 18)
    (4, 5)(9, 14)
    (4, 18)(5, 21)
    (9, 14)(19, 20)
    (4, 20)(5, 19)
    (9, 14)(10, 13)
    (10, 19)(13, 20)
    (9, 14)(11, 12)
    (10, 11)(12, 13)
    (9, 14)(17, 22)
    (11, 22)(12, 17)
    (1, 2)(9, 14)
Ordnung des Stabilisators: 185794560
Abstrakter Gruppentyp: C2^9.A9.C2
Erzeuger des Stabilisators:
{
    (7, 14)(8, 9),
    (9, 14)(19, 20),
    (7, 8)(9, 14),
    (9, 14)(10, 13),
    (10, 19)(13, 20),
    (15, 21)(16, 18),
    (4, 18)(5, 21),
    (9, 14)(11, 12),
    (1, 2)(9, 14),
    (4, 20)(5, 19),
    (11, 22)(12, 17),
    (9, 14)(15, 16),
    (7, 16)(8, 15),
    (4, 5)(9, 14),
    (9, 14)(17, 22),
    (10, 11)(12, 13),
    (9, 14)(18, 21)
}

Klasse 15
Vertreter (Generatormatrix):
[1 0 0 0 0 1 0 0 0 0 0 0 0 0 0 1 0 0 0 1 1 1]
[0 1 0 0 0 1 0 0 0 0 1 1 0 0 0 0 0 0 1 1 0 0]
[0 0 1 0 0 1 0 0 0 0 0 0 0 0 0 1 0 0 1 0 1 1]
[0 0 0 1 0 1 0 1 0 0 1 0 1 1 0 0 0 0 1 1 0 0]
[0 0 0 0 1 1 0 1 0 0 0 1 1 1 0 0 0 0 1 1 0 0]
[0 0 0 0 0 0 1 1 0 0 1 1 0 0 0 0 0 0 0 0 0 0]
[0 0 0 0 0 0 0 0 1 0 1 1 0 1 0 0 0 0 0 0 0 0]
[0 0 0 0 0 0 0 0 0 1 1 1 1 0 0 0 0 0 0 0 0 0]
[0 0 0 0 0 0 0 0 0 0 0 0 0 0 1 1 0 0 1 1 0 0]
[0 0 0 0 0 0 0 0 0 0 0 0 0 0 0 0 1 0 1 1 0 1]
[0 0 0 0 0 0 0 0 0 0 0 0 0 0 0 0 0 1 1 1 1 0]
Stabilisator in S_3 x S_19:
Permutation group acting on a set of cardinality 22
Order = 737280 = 2^14 * 3^2 * 5
    (7, 8)(11, 12)
    (7, 12)(8, 11)
    (4, 5)(7, 8)
    (4, 12)(5, 11)
    (7, 8)(10, 13)
    (4, 13)(5, 10)
    (7, 8)(9, 14)
    (9, 10)(13, 14)
    (15, 16)(19, 20)
    (15, 20)(16, 19)
    (15, 16)(18, 21)
    (18, 19)(20, 21)
    (15, 16)(17, 22)
    (17, 18)(21, 22)
    (1, 3)(15, 16)
Ordnung des Stabilisators: 737280
Abstrakter Gruppentyp: C2^4.S5*C2^3:S4.C2
Erzeuger des Stabilisators:
{
    (15, 20)(16, 19),
    (7, 8)(9, 14),
    (15, 16)(19, 20),
    (4, 12)(5, 11),
    (18, 19)(20, 21),
    (4, 13)(5, 10),
    (9, 10)(13, 14),
    (17, 18)(21, 22),
    (15, 16)(18, 21),
    (15, 16)(17, 22),
    (7, 12)(8, 11),
    (7, 8)(10, 13),
    (4, 5)(7, 8),
    (1, 3)(15, 16),
    (7, 8)(11, 12)
}

Klasse 16
Vertreter (Generatormatrix):
[1 0 0 0 0 0 0 0 0 0 0 1 1 1 0 0 0 0 1 1 0 0]
[0 1 0 0 0 0 0 0 0 0 1 0 1 1 0 0 0 0 1 1 0 0]
[0 0 1 0 0 1 0 0 0 0 0 0 0 0 0 0 0 0 0 0 0 0]
[0 0 0 1 0 0 0 1 0 0 1 1 0 0 0 1 0 0 0 1 1 1]
[0 0 0 0 1 0 0 1 0 0 0 0 0 0 0 0 0 0 1 1 0 0]
[0 0 0 0 0 0 1 1 0 0 1 1 0 0 0 1 0 0 1 0 1 1]
[0 0 0 0 0 0 0 0 1 0 1 1 0 1 0 0 0 0 0 0 0 0]
[0 0 0 0 0 0 0 0 0 1 1 1 1 0 0 0 0 0 0 0 0 0]
[0 0 0 0 0 0 0 0 0 0 0 0 0 0 1 1 0 0 1 1 0 0]
[0 0 0 0 0 0 0 0 0 0 0 0 0 0 0 0 1 0 1 1 0 1]
[0 0 0 0 0 0 0 0 0 0 0 0 0 0 0 0 0 1 1 1 1 0]
Stabilisator in S_3 x S_19:
Permutation group acting on a set of cardinality 22
Order = 1105920 = 2^13 * 3^3 * 5
    (4, 15)(7, 16)
    (4, 7)(15, 16)
    (15, 16)(17, 22)
    (4, 17)(7, 22)
    (15, 16)(18, 21)
    (17, 18)(21, 22)
    (5, 8)(15, 16)
    (5, 18)(8, 21)
    (15, 16)(19, 20)
    (5, 20)(8, 19)
    (10, 11)(12, 13)
    (10, 13)(11, 12)
    (9, 14)(11, 12)
    (9, 10)(13, 14)
    (1, 2)(11, 12)
Ordnung des Stabilisators: 1105920
Abstrakter Gruppentyp: C2*C2^5.A6.C2*S4
Erzeuger des Stabilisators:
{
    (10, 13)(11, 12),
    (15, 16)(19, 20),
    (1, 2)(11, 12),
    (5, 18)(8, 21),
    (9, 14)(11, 12),
    (4, 7)(15, 16),
    (4, 17)(7, 22),
    (4, 15)(7, 16),
    (9, 10)(13, 14),
    (17, 18)(21, 22),
    (10, 11)(12, 13),
    (15, 16)(17, 22),
    (15, 16)(18, 21),
    (5, 8)(15, 16),
    (5, 20)(8, 19)
}

Klasse 17
Vertreter (Generatormatrix):
[1 0 0 0 0 1 0 0 0 0 1 0 1 1 0 1 0 0 0 0 0 0]
[0 1 0 0 0 1 0 0 0 0 1 1 0 0 0 0 0 0 1 1 0 0]
[0 0 1 0 0 1 0 0 0 0 0 0 0 0 0 1 0 0 1 0 1 1]
[0 0 0 1 0 1 0 0 0 0 1 0 1 1 1 0 0 0 1 1 0 0]
[0 0 0 0 1 1 0 0 0 0 1 1 0 0 1 0 0 0 1 0 1 1]
[0 0 0 0 0 0 1 0 0 0 0 1 1 1 1 0 0 0 0 1 1 1]
[0 0 0 0 0 0 0 1 0 0 1 0 1 1 0 1 0 0 1 0 1 1]
[0 0 0 0 0 0 0 0 1 0 1 1 0 1 0 0 0 0 0 0 0 0]
[0 0 0 0 0 0 0 0 0 1 1 1 1 0 0 0 0 0 0 0 0 0]
[0 0 0 0 0 0 0 0 0 0 0 0 0 0 0 0 1 0 1 1 0 1]
[0 0 0 0 0 0 0 0 0 0 0 0 0 0 0 0 0 1 1 1 1 0]
Stabilisator in S_3 x S_19:
Permutation group acting on a set of cardinality 22
Order = 9216 = 2^10 * 3^2
    (18, 20)(19, 21)
    (18, 19)(20, 21)
    (17, 22)(18, 21)
    (17, 20)(19, 22)
    (9, 14)(11, 12)
    (9, 11)(12, 14)
    (10, 13)(11, 12)
    (9, 13)(10, 14)
    (4, 7)(5, 15)
    (4, 5)(7, 15)
    (1, 3)(7, 15)(9, 19)(10, 17)(11, 18)(12, 21)(13, 22)(14, 20)
    (7, 15)(8, 16)(9, 19)(10, 17)(11, 18)(12, 21)(13, 22)(14, 20)
Ordnung des Stabilisators: 9216
Abstrakter Gruppentyp: C2^4.D6wrC2.C2
Erzeuger des Stabilisators:
{
    (18, 19)(20, 21),
    (17, 22)(18, 21),
    (17, 20)(19, 22),
    (9, 14)(11, 12),
    (18, 20)(19, 21),
    (4, 5)(7, 15),
    (7, 15)(8, 16)(9, 19)(10, 17)(11, 18)(12, 21)(13, 22)(14, 20),
    (9, 11)(12, 14),
    (10, 13)(11, 12),
    (4, 7)(5, 15),
    (9, 13)(10, 14),
    (1, 3)(7, 15)(9, 19)(10, 17)(11, 18)(12, 21)(13, 22)(14, 20)
}

Klasse 18
Vertreter (Generatormatrix):
[1 0 0 0 0 0 0 0 0 0 1 1 0 0 0 0 0 0 1 0 1 1]
[0 1 0 0 0 0 0 0 0 0 1 0 1 1 0 0 0 0 1 1 0 0]
[0 0 1 0 0 1 0 0 0 0 0 0 0 0 0 0 0 0 0 0 0 0]
[0 0 0 1 0 0 0 0 0 0 1 1 0 0 1 1 0 0 0 1 1 1]
[0 0 0 0 1 0 0 0 0 0 1 0 1 1 1 0 0 0 1 0 1 1]
[0 0 0 0 0 0 1 0 0 0 0 1 1 1 1 1 0 0 1 1 0 0]
[0 0 0 0 0 0 0 1 0 0 1 0 1 1 0 1 0 0 1 0 1 1]
[0 0 0 0 0 0 0 0 1 0 1 1 0 1 0 0 0 0 0 0 0 0]
[0 0 0 0 0 0 0 0 0 1 1 1 1 0 0 0 0 0 0 0 0 0]
[0 0 0 0 0 0 0 0 0 0 0 0 0 0 0 0 1 0 1 1 0 1]
[0 0 0 0 0 0 0 0 0 0 0 0 0 0 0 0 0 1 1 1 1 0]
Stabilisator in S_3 x S_19:
Permutation group acting on a set of cardinality 22
Order = 82944 = 2^10 * 3^4
    (17, 22)(19, 20)
    (17, 19)(20, 22)
    (18, 21)(19, 20)
    (17, 18)(21, 22)
    (4, 7)(5, 15)
    (4, 5)(7, 15)
    (4, 7)(8, 16)
    (5, 8)(15, 16)
    (9, 13)(10, 14)
    (9, 10)(13, 14)
    (9, 14)(11, 12)
    (10, 12)(11, 13)
    (4, 19, 9)(5, 17, 10)(7, 20, 14)(8, 18, 12)(11, 16, 21)(13, 15, 22)
    (1, 2)(4, 20)(5, 17)(7, 19)(8, 18)(9, 14)(15, 22)(16, 21)
Ordnung des Stabilisators: 82944
Abstrakter Gruppentyp: C2^6.C3^3.A4.C2^2
Erzeuger des Stabilisators:
{
    (17, 22)(19, 20),
    (18, 21)(19, 20),
    (4, 5)(7, 15),
    (9, 14)(11, 12),
    (4, 7)(8, 16),
    (9, 13)(10, 14),
    (17, 19)(20, 22),
    (4, 19, 9)(5, 17, 10)(7, 20, 14)(8, 18, 12)(11, 16, 21)(13, 15, 22),
    (4, 7)(5, 15),
    (9, 10)(13, 14),
    (17, 18)(21, 22),
    (1, 2)(4, 20)(5, 17)(7, 19)(8, 18)(9, 14)(15, 22)(16, 21),
    (10, 12)(11, 13),
    (5, 8)(15, 16)
}

Klasse 19
Vertreter (Generatormatrix):
[1 0 0 0 0 1 0 0 0 0 1 0 1 0 0 0 0 0 1 0 1 0]
[0 1 0 0 0 1 0 0 0 0 0 1 1 0 0 1 1 0 0 0 0 0]
[0 0 1 0 0 1 0 0 0 0 0 0 0 0 0 0 1 0 1 1 0 1]
[0 0 0 1 0 1 0 0 0 0 1 0 1 0 0 1 1 0 1 1 0 0]
[0 0 0 0 1 1 0 0 0 0 0 1 1 0 0 0 1 0 1 0 1 1]
[0 0 0 0 0 0 1 0 0 0 0 1 1 1 0 1 1 0 0 1 1 0]
[0 0 0 0 0 0 0 1 0 0 1 0 1 1 0 1 0 0 1 0 1 1]
[0 0 0 0 0 0 0 0 1 0 1 1 0 1 0 0 1 0 1 1 0 1]
[0 0 0 0 0 0 0 0 0 1 1 1 1 0 0 0 0 0 0 0 0 0]
[0 0 0 0 0 0 0 0 0 0 0 0 0 0 1 1 1 0 0 0 0 1]
[0 0 0 0 0 0 0 0 0 0 0 0 0 0 0 0 0 1 1 1 1 0]
Stabilisator in S_3 x S_19:
Permutation group G1 acting on a set of cardinality 22
Order = 18432 = 2^11 * 3^2
    (10, 11)(12, 13)
    (10, 12)(11, 13)
    (15, 22)(16, 17)
    (15, 16)(17, 22)
    (7, 14)(8, 9)
    (7, 8)(9, 14)
    (18, 21)(19, 20)
    (18, 20)(19, 21)
    (7, 18)(8, 21)(9, 20)(10, 17)(11, 16)(12, 15)(13, 22)(14, 19)
    (7, 12)(8, 11)(9, 10)(13, 14)(15, 18)(16, 21)(17, 20)(19, 22)
    (1, 3, 2)(7, 12, 15)(8, 13, 17)(9, 11, 22)(10, 16, 14)(19, 20, 21)
    (2, 3)(5, 6)(7, 12)(8, 10)(9, 11)(13, 14)(16, 17)(20, 21)
    (2, 3)(4, 6)(9, 14)(10, 22)(11, 16)(12, 15)(13, 17)(19, 20)
Ordnung des Stabilisators: 18432
Abstrakter Gruppentyp: C2^8.A4.S3
Erzeuger des Stabilisators:
{
    (2, 3)(5, 6)(7, 12)(8, 10)(9, 11)(13, 14)(16, 17)(20, 21),
    (7, 14)(8, 9),
    (7, 8)(9, 14),
    (1, 3, 2)(7, 12, 15)(8, 13, 17)(9, 11, 22)(10, 16, 14)(19, 20, 21),
    (18, 20)(19, 21),
    (10, 12)(11, 13),
    (15, 16)(17, 22),
    (10, 11)(12, 13),
    (18, 21)(19, 20),
    (2, 3)(4, 6)(9, 14)(10, 22)(11, 16)(12, 15)(13, 17)(19, 20),
    (15, 22)(16, 17),
    (7, 18)(8, 21)(9, 20)(10, 17)(11, 16)(12, 15)(13, 22)(14, 19),
    (7, 12)(8, 11)(9, 10)(13, 14)(15, 18)(16, 21)(17, 20)(19, 22)
}

Haeufigkeiten der Stabilisatortypen nach SmallGroup-Kennung:
--------------------------------------------------
Nicht durch die SmallGroups-Datenbank identifizierbare Stabilisatoren:
Klasse 1: Ordnung 21676032, GroupName C2^6.PSL(2,7)^2.C2*S3
Klasse 2: Ordnung 5419008, GroupName C2^3.PSL(2,7)*PSL(2,7)*S4
Klasse 3: Ordnung 5160960, GroupName C2wrS5*C2^3.PSL(2,7)
Klasse 4: Ordnung 451584, GroupName D4.PSL(2,7)^2.C2
Klasse 5: Ordnung 645120, GroupName C2*C2^4.S5*PSL(2,7)
Klasse 6: Ordnung 193536, GroupName C2^3:S4*PSL(2,7)*S3
Klasse 7: Ordnung 30965760, GroupName C2^7.A8.C2*S3
Klasse 8: Ordnung 147456, GroupName C2*C2^6.A4^2.D4
Klasse 9: Ordnung 193536, GroupName C2*PSL(2,7)*S4^2
Klasse 10: Ordnung 7741440, GroupName C2^6.A6.C2*PSL(2,7)
Klasse 11: Ordnung 36864, GroupName C2.C2^6.D6^2.C2
Klasse 12: Ordnung 7741440, GroupName C2^6.A7.C2*S4
Klasse 13: Ordnung 276480, GroupName C2^4.S5*S4*S3
Klasse 14: Ordnung 185794560, GroupName C2^9.A9.C2
Klasse 15: Ordnung 737280, GroupName C2^4.S5*C2^3:S4.C2
Klasse 16: Ordnung 1105920, GroupName C2*C2^5.A6.C2*S4
Klasse 17: Ordnung 9216, GroupName C2^4.D6wrC2.C2
Klasse 18: Ordnung 82944, GroupName C2^6.C3^3.A4.C2^2
Klasse 19: Ordnung 18432, GroupName C2^8.A4.S3

Isomorphie-Sicherheitscheck:
Keine doppelten Klassen gefunden.

Massformel-Kontrolle:
Anzahl t_(3,19) aller gelabelten Codes: 167448083323950
Erwartete Masse t_(N1,N2)/(N1!*N2!): 11051/48168960
Berechnete Masse Summe 1/|Aut(C)|: 11051/48168960
Massformel erfuellt: Die Klassenliste ist vollstaendig.
