Aktuelle Klasse 1 | Gefundene Klassen 6
Aktuelle Klasse 2 | Gefundene Klassen 8
Aktuelle Klasse 3 | Gefundene Klassen 9
Aktuelle Klasse 4 | Gefundene Klassen 9
Aktuelle Klasse 5 | Gefundene Klassen 9
Aktuelle Klasse 6 | Gefundene Klassen 9
Aktuelle Klasse 7 | Gefundene Klassen 9
Aktuelle Klasse 8 | Gefundene Klassen 9
Aktuelle Klasse 9 | Gefundene Klassen 9
==================================================
Laenge: (2,18)
Anzahl der Aequivalenzklassen: 9
==================================================

Klasse 1
Vertreter (Generatormatrix):
[1 0 1 0 0 0 0 0 0 0 0 0 0 0 0 0 0 0 0 0]
[0 1 0 1 0 0 0 0 0 0 0 0 0 0 0 0 0 0 0 0]
[0 0 0 0 1 0 0 0 0 1 1 1 0 0 0 0 0 0 0 0]
[0 0 0 0 0 1 0 0 1 0 1 1 0 0 0 0 0 0 0 0]
[0 0 0 0 0 0 1 0 1 1 0 1 0 0 0 0 0 0 0 0]
[0 0 0 0 0 0 0 1 1 1 1 0 0 0 0 0 0 0 0 0]
[0 0 0 0 0 0 0 0 0 0 0 0 1 0 0 0 0 1 1 1]
[0 0 0 0 0 0 0 0 0 0 0 0 0 1 0 0 1 0 1 1]
[0 0 0 0 0 0 0 0 0 0 0 0 0 0 1 0 1 1 0 1]
[0 0 0 0 0 0 0 0 0 0 0 0 0 0 0 1 1 1 1 0]
Stabilisator in S_2 x S_18:
Permutation group acting on a set of cardinality 20
Order = 7225344 = 2^14 * 3^2 * 7^2
    (13, 20)(14, 15)
    (13, 14)(15, 20)
    (15, 20)(17, 18)
    (13, 18)(14, 17)
    (14, 15)(18, 19)
    (15, 20)(16, 19)
    (6, 9)(7, 8)
    (6, 7)(8, 9)
    (5, 12)(8, 9)
    (5, 7)(6, 12)
    (7, 8)(11, 12)
    (8, 9)(10, 11)
    (5, 17)(6, 13)(7, 14)(8, 15)(9, 20)(10, 16)(11, 19)(12, 18)
    (1, 2)(3, 4)
Ordnung des Stabilisators: 7225344
Abstrakter Gruppentyp: C2*C2^6.PSL(2,7)^2.C2
Erzeuger des Stabilisators:
{
    (15, 20)(16, 19),
    (5, 12)(8, 9),
    (5, 7)(6, 12),
    (6, 7)(8, 9),
    (15, 20)(17, 18),
    (8, 9)(10, 11),
    (6, 9)(7, 8),
    (14, 15)(18, 19),
    (13, 18)(14, 17),
    (7, 8)(11, 12),
    (13, 14)(15, 20),
    (5, 17)(6, 13)(7, 14)(8, 15)(9, 20)(10, 16)(11, 19)(12, 18),
    (1, 2)(3, 4),
    (13, 20)(14, 15)
}

Klasse 2
Vertreter (Generatormatrix):
[1 0 0 1 0 1 0 0 0 1 1 1 0 0 0 0 0 0 0 0]
[0 1 0 1 0 1 0 0 1 0 1 1 0 0 0 0 0 0 0 0]
[0 0 1 1 0 0 0 0 1 1 0 0 0 0 0 0 0 0 0 0]
[0 0 0 0 1 1 0 0 1 1 0 0 0 0 0 0 0 0 0 0]
[0 0 0 0 0 0 1 0 1 1 0 1 0 0 0 0 0 0 0 0]
[0 0 0 0 0 0 0 1 1 1 1 0 0 0 0 0 0 0 0 0]
[0 0 0 0 0 0 0 0 0 0 0 0 1 0 0 0 0 1 1 1]
[0 0 0 0 0 0 0 0 0 0 0 0 0 1 0 0 1 0 1 1]
[0 0 0 0 0 0 0 0 0 0 0 0 0 0 1 0 1 1 0 1]
[0 0 0 0 0 0 0 0 0 0 0 0 0 0 0 1 1 1 1 0]
Stabilisator in S_2 x S_18:
Permutation group acting on a set of cardinality 20
Order = 5160960 = 2^14 * 3^2 * 5 * 7
    (5, 6)(9, 10)
    (5, 10)(6, 9)
    (5, 6)(8, 11)
    (8, 9)(10, 11)
    (3, 4)(5, 6)
    (3, 11)(4, 8)
    (5, 6)(7, 12)
    (3, 7)(4, 12)
    (13, 15)(16, 18)
    (13, 18)(15, 16)
    (13, 15)(17, 19)
    (16, 17)(18, 19)
    (15, 16)(19, 20)
    (13, 15)(14, 20)
    (1, 2)(5, 6)
Ordnung des Stabilisators: 5160960
Abstrakter Gruppentyp: C2wrS5*C2^3.PSL(2,7)
Erzeuger des Stabilisators:
{
    (13, 15)(17, 19),
    (13, 15)(14, 20),
    (3, 7)(4, 12),
    (3, 4)(5, 6),
    (8, 9)(10, 11),
    (16, 17)(18, 19),
    (5, 6)(9, 10),
    (5, 10)(6, 9),
    (5, 6)(8, 11),
    (13, 18)(15, 16),
    (1, 2)(5, 6),
    (3, 11)(4, 8),
    (13, 15)(16, 18),
    (5, 6)(7, 12),
    (15, 16)(19, 20)
}

Klasse 3
Vertreter (Generatormatrix):
[1 0 0 1 0 0 0 0 0 1 1 1 1 0 0 0 0 0 0 0]
[0 1 0 1 0 0 0 0 0 0 0 0 1 0 0 0 0 1 1 1]
[0 0 1 1 0 0 0 0 0 1 1 1 0 0 0 0 0 1 1 1]
[0 0 0 0 1 0 0 0 0 1 1 1 1 0 0 0 0 1 1 1]
[0 0 0 0 0 1 0 0 1 0 1 1 0 0 0 0 0 0 0 0]
[0 0 0 0 0 0 1 0 1 1 0 1 0 0 0 0 0 0 0 0]
[0 0 0 0 0 0 0 1 1 1 1 0 0 0 0 0 0 0 0 0]
[0 0 0 0 0 0 0 0 0 0 0 0 0 1 0 0 1 0 1 1]
[0 0 0 0 0 0 0 0 0 0 0 0 0 0 1 0 1 1 0 1]
[0 0 0 0 0 0 0 0 0 0 0 0 0 0 0 1 1 1 1 0]
Stabilisator in S_2 x S_18:
Permutation group acting on a set of cardinality 20
Order = 451584 = 2^10 * 3^2 * 7^2
    (15, 16)(19, 20)
    (15, 19)(16, 20)
    (14, 18)(16, 20)
    (14, 19)(15, 18)
    (14, 17)(15, 16)
    (7, 9)(10, 12)
    (7, 12)(9, 10)
    (8, 11)(9, 10)
    (7, 11)(8, 12)
    (6, 8)(7, 9)
    (3, 4)(6, 17)(7, 15)(8, 14)(9, 16)(10, 20)(11, 18)(12, 19)
    (5, 13)(6, 17)(7, 15)(8, 14)(9, 16)(10, 20)(11, 18)(12, 19)
    (3, 13)(4, 5)
    (1, 2)(6, 17)(7, 15)(8, 14)(9, 16)(10, 20)(11, 18)(12, 19)
Ordnung des Stabilisators: 451584
Abstrakter Gruppentyp: D4.PSL(2,7)^2.C2
Erzeuger des Stabilisators:
{
    (7, 12)(9, 10),
    (6, 8)(7, 9),
    (5, 13)(6, 17)(7, 15)(8, 14)(9, 16)(10, 20)(11, 18)(12, 19),
    (3, 13)(4, 5),
    (7, 9)(10, 12),
    (15, 19)(16, 20),
    (7, 11)(8, 12),
    (8, 11)(9, 10),
    (3, 4)(6, 17)(7, 15)(8, 14)(9, 16)(10, 20)(11, 18)(12, 19),
    (1, 2)(6, 17)(7, 15)(8, 14)(9, 16)(10, 20)(11, 18)(12, 19),
    (14, 19)(15, 18),
    (15, 16)(19, 20),
    (14, 17)(15, 16),
    (14, 18)(16, 20)
}

Klasse 4
Vertreter (Generatormatrix):
[1 0 0 0 0 0 0 0 1 1 0 0 0 0 0 0 0 1 1 1]
[0 1 0 1 0 0 0 0 0 0 0 0 0 0 0 0 0 0 0 0]
[0 0 1 0 0 0 0 0 1 1 0 0 1 0 0 0 0 0 0 0]
[0 0 0 0 1 0 0 0 0 1 1 1 1 0 0 0 0 1 1 1]
[0 0 0 0 0 1 0 0 1 0 1 1 1 0 0 0 0 1 1 1]
[0 0 0 0 0 0 1 0 1 1 0 1 0 0 0 0 0 0 0 0]
[0 0 0 0 0 0 0 1 1 1 1 0 0 0 0 0 0 0 0 0]
[0 0 0 0 0 0 0 0 0 0 0 0 0 1 0 0 1 0 1 1]
[0 0 0 0 0 0 0 0 0 0 0 0 0 0 1 0 1 1 0 1]
[0 0 0 0 0 0 0 0 0 0 0 0 0 0 0 1 1 1 1 0]
Stabilisator in S_2 x S_18:
Permutation group acting on a set of cardinality 20
Order = 322560 = 2^10 * 3^2 * 5 * 7
    (8, 9)(10, 11)
    (8, 11)(9, 10)
    (7, 12)(9, 10)
    (7, 8)(11, 12)
    (5, 6)(9, 10)
    (5, 12)(6, 7)
    (3, 13)(9, 10)
    (3, 6)(5, 13)
    (16, 17)(18, 19)
    (16, 19)(17, 18)
    (15, 20)(17, 18)
    (15, 16)(19, 20)
    (14, 20)(16, 18)
Ordnung des Stabilisators: 322560
Abstrakter Gruppentyp: C2^4.S5*PSL(2,7)
Erzeuger des Stabilisators:
{
    (7, 12)(9, 10),
    (16, 19)(17, 18),
    (15, 20)(17, 18),
    (8, 9)(10, 11),
    (5, 12)(6, 7),
    (16, 17)(18, 19),
    (5, 6)(9, 10),
    (7, 8)(11, 12),
    (3, 13)(9, 10),
    (3, 6)(5, 13),
    (8, 11)(9, 10),
    (14, 20)(16, 18),
    (15, 16)(19, 20)
}

Klasse 5
Vertreter (Generatormatrix):
[1 0 1 0 0 0 0 0 0 0 0 0 0 0 0 0 0 0 0 0]
[0 1 0 1 0 0 0 0 0 0 0 0 0 0 0 0 0 0 0 0]
[0 0 0 0 1 0 0 0 0 1 1 1 0 1 0 0 1 0 1 1]
[0 0 0 0 0 1 0 0 0 1 1 1 0 1 0 0 0 1 1 1]
[0 0 0 0 0 0 1 0 0 0 0 1 0 0 0 0 1 1 0 0]
[0 0 0 0 0 0 0 1 0 0 1 0 0 0 0 0 1 1 0 0]
[0 0 0 0 0 0 0 0 1 1 0 0 0 0 0 0 1 1 0 0]
[0 0 0 0 0 0 0 0 0 0 0 0 1 1 0 0 1 1 0 0]
[0 0 0 0 0 0 0 0 0 0 0 0 0 0 1 0 1 1 0 1]
[0 0 0 0 0 0 0 0 0 0 0 0 0 0 0 1 1 1 1 0]
Stabilisator in S_2 x S_18:
Permutation group acting on a set of cardinality 20
Order = 10321920 = 2^15 * 3^2 * 5 * 7
    (7, 12)(8, 11)
    (7, 8)(11, 12)
    (8, 11)(15, 20)
    (7, 15)(12, 20)
    (8, 11)(9, 10)
    (9, 15)(10, 20)
    (8, 11)(16, 19)
    (9, 19)(10, 16)
    (5, 6)(8, 11)
    (5, 19)(6, 16)
    (8, 11)(13, 14)
    (5, 13)(6, 14)
    (8, 11)(17, 18)
    (13, 17)(14, 18)
    (1, 2)(3, 4)
Ordnung des Stabilisators: 10321920
Abstrakter Gruppentyp: C2*C2^7.A8.C2
Erzeuger des Stabilisators:
{
    (8, 11)(16, 19),
    (8, 11)(17, 18),
    (7, 12)(8, 11),
    (7, 15)(12, 20),
    (7, 8)(11, 12),
    (5, 6)(8, 11),
    (13, 17)(14, 18),
    (9, 19)(10, 16),
    (1, 2)(3, 4),
    (8, 11)(9, 10),
    (8, 11)(15, 20),
    (5, 13)(6, 14),
    (8, 11)(13, 14),
    (9, 15)(10, 20),
    (5, 19)(6, 16)
}

Klasse 6
Vertreter (Generatormatrix):
[1 0 0 1 0 0 0 0 1 1 0 0 0 0 0 0 1 1 0 0]
[0 1 0 1 0 0 0 0 0 0 0 0 0 1 0 0 1 0 1 1]
[0 0 1 1 0 0 0 0 1 1 0 0 0 1 0 0 0 1 1 1]
[0 0 0 0 1 0 0 0 0 1 1 1 0 1 0 0 1 0 1 1]
[0 0 0 0 0 1 0 0 1 0 1 1 0 1 0 0 1 0 1 1]
[0 0 0 0 0 0 1 0 1 1 0 1 0 0 0 0 0 0 0 0]
[0 0 0 0 0 0 0 1 1 1 1 0 0 0 0 0 0 0 0 0]
[0 0 0 0 0 0 0 0 0 0 0 0 1 1 0 0 1 1 0 0]
[0 0 0 0 0 0 0 0 0 0 0 0 0 0 1 0 1 1 0 1]
[0 0 0 0 0 0 0 0 0 0 0 0 0 0 0 1 1 1 1 0]
Stabilisator in S_2 x S_18:
Permutation group acting on a set of cardinality 20
Order = 147456 = 2^14 * 3^2
    (7, 8)(11, 12)
    (7, 12)(8, 11)
    (8, 11)(9, 10)
    (7, 10)(9, 12)
    (5, 6)(8, 11)
    (5, 9)(6, 10)
    (13, 14)(16, 19)
    (13, 19)(14, 16)
    (13, 14)(17, 18)
    (16, 18)(17, 19)
    (13, 14)(15, 20)
    (15, 17)(18, 20)
    (5, 15)(6, 20)(7, 16)(8, 13)(9, 17)(10, 18)(11, 14)(12, 19)
    (1, 2)(3, 4)
Ordnung des Stabilisators: 147456
Abstrakter Gruppentyp: C2*C2^6.A4^2.D4
Erzeuger des Stabilisators:
{
    (15, 17)(18, 20),
    (7, 12)(8, 11),
    (5, 15)(6, 20)(7, 16)(8, 13)(9, 17)(10, 18)(11, 14)(12, 19),
    (7, 10)(9, 12),
    (16, 18)(17, 19),
    (5, 9)(6, 10),
    (7, 8)(11, 12),
    (13, 14)(16, 19),
    (13, 14)(15, 20),
    (5, 6)(8, 11),
    (13, 14)(17, 18),
    (1, 2)(3, 4),
    (8, 11)(9, 10),
    (13, 19)(14, 16)
}

Klasse 7
Vertreter (Generatormatrix):
[1 0 0 1 0 1 0 0 0 1 1 1 0 1 0 0 1 0 1 1]
[0 1 0 1 0 1 0 0 0 1 1 1 0 1 0 0 0 1 1 1]
[0 0 1 1 0 0 0 0 0 0 0 0 0 0 0 0 1 1 0 0]
[0 0 0 0 1 1 0 0 0 0 0 0 0 0 0 0 1 1 0 0]
[0 0 0 0 0 0 1 0 0 0 0 1 0 0 0 0 1 1 0 0]
[0 0 0 0 0 0 0 1 0 0 1 0 0 0 0 0 1 1 0 0]
[0 0 0 0 0 0 0 0 1 1 0 0 0 0 0 0 1 1 0 0]
[0 0 0 0 0 0 0 0 0 0 0 0 1 1 0 0 1 1 0 0]
[0 0 0 0 0 0 0 0 0 0 0 0 0 0 1 0 1 1 0 1]
[0 0 0 0 0 0 0 0 0 0 0 0 0 0 0 1 1 1 1 0]
Stabilisator in S_2 x S_18:
Permutation group acting on a set of cardinality 20
Order = 185794560 = 2^16 * 3^4 * 5 * 7
    (16, 18)(17, 19)
    (15, 19, 17)(16, 18, 20)
    (13, 19, 20, 18)(14, 16, 15, 17)
    (9, 20, 10, 15)(13, 17, 19, 14, 18, 16)
    (8, 9)(10, 11)(13, 18, 19, 15)(14, 17, 16, 20)
    (7, 15, 17, 14, 10, 12, 20, 18, 13, 9)(8, 11)
    (3, 17)(4, 18)(15, 16)(19, 20)
    (5, 17)(6, 18)(15, 16)(19, 20)
    (16, 19)(17, 18)
    (1, 2)(15, 20)
Ordnung des Stabilisators: 185794560
Abstrakter Gruppentyp: C2^9.A9.C2
Erzeuger des Stabilisators:
{
    (13, 19, 20, 18)(14, 16, 15, 17),
    (5, 17)(6, 18)(15, 16)(19, 20),
    (15, 19, 17)(16, 18, 20),
    (7, 15, 17, 14, 10, 12, 20, 18, 13, 9)(8, 11),
    (16, 19)(17, 18),
    (9, 20, 10, 15)(13, 17, 19, 14, 18, 16),
    (1, 2)(15, 20),
    (16, 18)(17, 19),
    (3, 17)(4, 18)(15, 16)(19, 20),
    (8, 9)(10, 11)(13, 18, 19, 15)(14, 17, 16, 20)
}

Klasse 8
Vertreter (Generatormatrix):
[1 0 0 0 0 0 0 0 0 1 1 1 0 0 0 0 1 1 0 0]
[0 1 0 0 0 0 0 0 1 0 1 1 0 0 0 0 1 1 0 0]
[0 0 1 0 0 1 0 0 1 1 0 0 0 1 0 0 0 1 1 1]
[0 0 0 1 0 1 0 0 0 0 0 0 0 0 0 0 1 1 0 0]
[0 0 0 0 1 1 0 0 1 1 0 0 0 1 0 0 1 0 1 1]
[0 0 0 0 0 0 1 0 1 1 0 1 0 0 0 0 0 0 0 0]
[0 0 0 0 0 0 0 1 1 1 1 0 0 0 0 0 0 0 0 0]
[0 0 0 0 0 0 0 0 0 0 0 0 1 1 0 0 1 1 0 0]
[0 0 0 0 0 0 0 0 0 0 0 0 0 0 1 0 1 1 0 1]
[0 0 0 0 0 0 0 0 0 0 0 0 0 0 0 1 1 1 1 0]
Stabilisator in S_2 x S_18:
Permutation group acting on a set of cardinality 20
Order = 1105920 = 2^13 * 3^3 * 5
    (4, 13)(6, 14)
    (4, 6)(13, 14)
    (13, 14)(15, 20)
    (4, 15)(6, 20)
    (13, 14)(16, 19)
    (15, 16)(19, 20)
    (13, 14)(17, 18)
    (16, 18)(17, 19)
    (3, 5)(13, 14)
    (3, 17)(5, 18)
    (8, 9)(10, 11)
    (8, 11)(9, 10)
    (7, 12)(9, 10)
    (7, 8)(11, 12)
    (1, 2)(9, 10)
Ordnung des Stabilisators: 1105920
Abstrakter Gruppentyp: C2*C2^5.A6.C2*S4
Erzeuger des Stabilisators:
{
    (7, 12)(9, 10),
    (3, 5)(13, 14),
    (4, 13)(6, 14),
    (8, 9)(10, 11),
    (16, 18)(17, 19),
    (13, 14)(16, 19),
    (7, 8)(11, 12),
    (13, 14)(15, 20),
    (3, 17)(5, 18),
    (13, 14)(17, 18),
    (8, 11)(9, 10),
    (4, 15)(6, 20),
    (1, 2)(9, 10),
    (15, 16)(19, 20),
    (4, 6)(13, 14)
}

Klasse 9
Vertreter (Generatormatrix):
[1 0 0 0 0 0 0 0 1 1 0 0 0 0 0 0 1 0 1 1]
[0 1 0 0 0 0 0 0 1 0 1 1 0 0 0 0 1 1 0 0]
[0 0 1 0 0 0 0 0 1 1 0 0 1 1 0 0 0 1 1 1]
[0 0 0 1 0 0 0 0 1 0 1 1 1 0 0 0 1 0 1 1]
[0 0 0 0 1 0 0 0 0 1 1 1 1 1 0 0 1 1 0 0]
[0 0 0 0 0 1 0 0 1 0 1 1 0 1 0 0 1 0 1 1]
[0 0 0 0 0 0 1 0 1 1 0 1 0 0 0 0 0 0 0 0]
[0 0 0 0 0 0 0 1 1 1 1 0 0 0 0 0 0 0 0 0]
[0 0 0 0 0 0 0 0 0 0 0 0 0 0 1 0 1 1 0 1]
[0 0 0 0 0 0 0 0 0 0 0 0 0 0 0 1 1 1 1 0]
Stabilisator in S_2 x S_18:
Permutation group G1 acting on a set of cardinality 20
Order = 82944 = 2^10 * 3^4
    (7, 12)(9, 10)
    (7, 9)(10, 12)
    (8, 11)(9, 10)
    (7, 11)(8, 12)
    (3, 13)(4, 5)
    (3, 4)(5, 13)
    (4, 13)(6, 14)
    (3, 6)(5, 14)
    (16, 18)(17, 19)
    (16, 17)(18, 19)
    (15, 20)(16, 19)
    (15, 17)(18, 20)
    (3, 7, 17)(4, 9, 16)(5, 12, 18)(6, 11, 15)(8, 20, 14)(10, 19, 13)
    (1, 2)(3, 7)(4, 10)(5, 12)(6, 11)(8, 14)(9, 13)(16, 19)
Ordnung des Stabilisators: 82944
Abstrakter Gruppentyp: C2^6.C3^3.A4.C2^2
Erzeuger des Stabilisators:
{
    (7, 12)(9, 10),
    (15, 20)(16, 19),
    (15, 17)(18, 20),
    (3, 4)(5, 13),
    (3, 13)(4, 5),
    (4, 13)(6, 14),
    (16, 18)(17, 19),
    (7, 9)(10, 12),
    (16, 17)(18, 19),
    (1, 2)(3, 7)(4, 10)(5, 12)(6, 11)(8, 14)(9, 13)(16, 19),
    (7, 11)(8, 12),
    (8, 11)(9, 10),
    (3, 7, 17)(4, 9, 16)(5, 12, 18)(6, 11, 15)(8, 20, 14)(10, 19, 13),
    (3, 6)(5, 14)
}

Haeufigkeiten der Stabilisatortypen nach SmallGroup-Kennung:
--------------------------------------------------
Nicht durch die SmallGroups-Datenbank identifizierbare Stabilisatoren:
Klasse 1: Ordnung 7225344, GroupName C2*C2^6.PSL(2,7)^2.C2
Klasse 2: Ordnung 5160960, GroupName C2wrS5*C2^3.PSL(2,7)
Klasse 3: Ordnung 451584, GroupName D4.PSL(2,7)^2.C2
Klasse 4: Ordnung 322560, GroupName C2^4.S5*PSL(2,7)
Klasse 5: Ordnung 10321920, GroupName C2*C2^7.A8.C2
Klasse 6: Ordnung 147456, GroupName C2*C2^6.A4^2.D4
Klasse 7: Ordnung 185794560, GroupName C2^9.A9.C2
Klasse 8: Ordnung 1105920, GroupName C2*C2^5.A6.C2*S4
Klasse 9: Ordnung 82944, GroupName C2^6.C3^3.A4.C2^2

Isomorphie-Sicherheitscheck:
Keine doppelten Klassen gefunden.

Massformel-Kontrolle:
Anzahl t_(2,18) aller gelabelten Codes: 326409519150
Erwartete Masse t_(N1,N2)/(N1!*N2!): 11051/433520640
Berechnete Masse Summe 1/|Aut(C)|: 11051/433520640
Massformel erfuellt: Die Klassenliste ist vollstaendig.
