Aktuelle Klasse 1 | Gefundene Klassen 8
Aktuelle Klasse 2 | Gefundene Klassen 18
Aktuelle Klasse 3 | Gefundene Klassen 19
Aktuelle Klasse 4 | Gefundene Klassen 24
Aktuelle Klasse 5 | Gefundene Klassen 25
Aktuelle Klasse 6 | Gefundene Klassen 25
Aktuelle Klasse 7 | Gefundene Klassen 26
Aktuelle Klasse 8 | Gefundene Klassen 26
Aktuelle Klasse 9 | Gefundene Klassen 30
Aktuelle Klasse 10 | Gefundene Klassen 32
Aktuelle Klasse 11 | Gefundene Klassen 32
Aktuelle Klasse 12 | Gefundene Klassen 32
Aktuelle Klasse 13 | Gefundene Klassen 32
Aktuelle Klasse 14 | Gefundene Klassen 33
Aktuelle Klasse 15 | Gefundene Klassen 33
Aktuelle Klasse 16 | Gefundene Klassen 33
Aktuelle Klasse 17 | Gefundene Klassen 33
Aktuelle Klasse 18 | Gefundene Klassen 33
Aktuelle Klasse 19 | Gefundene Klassen 33
Aktuelle Klasse 20 | Gefundene Klassen 33
Aktuelle Klasse 21 | Gefundene Klassen 33
Aktuelle Klasse 22 | Gefundene Klassen 33
Aktuelle Klasse 23 | Gefundene Klassen 33
Aktuelle Klasse 24 | Gefundene Klassen 33
Aktuelle Klasse 25 | Gefundene Klassen 33
Aktuelle Klasse 26 | Gefundene Klassen 33
Aktuelle Klasse 27 | Gefundene Klassen 33
Aktuelle Klasse 28 | Gefundene Klassen 33
Aktuelle Klasse 29 | Gefundene Klassen 33
Aktuelle Klasse 30 | Gefundene Klassen 33
Aktuelle Klasse 31 | Gefundene Klassen 33
Aktuelle Klasse 32 | Gefundene Klassen 33
Aktuelle Klasse 33 | Gefundene Klassen 33
==================================================
Laenge: (6,14)
Anzahl der Aequivalenzklassen: 33
==================================================

Klasse 1
Vertreter (Generatormatrix):
[1 0 0 0 0 0 1 0 0 0 0 0 0 0 0 0 0 0 0 0]
[0 1 0 0 0 0 0 1 0 0 0 0 0 0 0 0 0 0 0 0]
[0 0 1 0 0 0 0 0 1 0 0 0 0 0 0 0 0 0 0 0]
[0 0 0 1 0 0 0 0 0 1 0 0 0 0 0 0 0 0 0 0]
[0 0 0 0 1 0 0 0 0 0 1 0 0 0 0 0 0 0 0 0]
[0 0 0 0 0 1 0 0 0 0 0 1 0 0 0 0 0 0 0 0]
[0 0 0 0 0 0 0 0 0 0 0 0 1 0 0 0 0 1 1 1]
[0 0 0 0 0 0 0 0 0 0 0 0 0 1 0 0 1 0 1 1]
[0 0 0 0 0 0 0 0 0 0 0 0 0 0 1 0 1 1 0 1]
[0 0 0 0 0 0 0 0 0 0 0 0 0 0 0 1 1 1 1 0]
Stabilisator in S_6 x S_14:
Permutation group acting on a set of cardinality 20
Order = 967680 = 2^10 * 3^3 * 5 * 7
    (13, 15)(16, 18)
    (13, 18)(15, 16)
    (13, 16)(14, 19)
    (14, 15)(18, 19)
    (15, 16)(19, 20)
    (13, 16)(17, 20)
    (1, 2)(7, 8)
    (2, 4)(8, 10)
    (4, 5)(10, 11)
    (5, 6)(11, 12)
    (3, 6)(9, 12)
Ordnung des Stabilisators: 967680
Abstrakter Gruppentyp: C2^3.PSL(2,7)*S6
Erzeuger des Stabilisators:
{
    (15, 16)(19, 20),
    (13, 16)(17, 20),
    (1, 2)(7, 8),
    (13, 16)(14, 19),
    (4, 5)(10, 11),
    (2, 4)(8, 10),
    (13, 15)(16, 18),
    (3, 6)(9, 12),
    (5, 6)(11, 12),
    (14, 15)(18, 19),
    (13, 18)(15, 16)
}

Klasse 2
Vertreter (Generatormatrix):
[1 0 0 1 0 0 0 1 1 0 0 0 0 0 0 0 0 0 0 0]
[0 1 0 1 0 0 0 1 0 1 0 0 0 0 0 0 0 0 0 0]
[0 0 1 1 0 0 0 0 1 1 0 0 0 0 0 0 0 0 0 0]
[0 0 0 0 1 0 0 0 0 0 1 0 0 0 0 0 0 0 0 0]
[0 0 0 0 0 1 0 0 0 0 0 1 0 0 0 0 0 0 0 0]
[0 0 0 0 0 0 1 1 1 1 0 0 0 0 0 0 0 0 0 0]
[0 0 0 0 0 0 0 0 0 0 0 0 1 0 0 0 0 1 1 1]
[0 0 0 0 0 0 0 0 0 0 0 0 0 1 0 0 1 0 1 1]
[0 0 0 0 0 0 0 0 0 0 0 0 0 0 1 0 1 1 0 1]
[0 0 0 0 0 0 0 0 0 0 0 0 0 0 0 1 1 1 1 0]
Stabilisator in S_6 x S_14:
Permutation group acting on a set of cardinality 20
Order = 258048 = 2^12 * 3^2 * 7
    (13, 15)(16, 18)
    (13, 18)(15, 16)
    (13, 15)(17, 19)
    (16, 17)(18, 19)
    (15, 16)(19, 20)
    (13, 15)(14, 20)
    (7, 8)(9, 10)
    (7, 10)(8, 9)
    (2, 3)(8, 9)
    (3, 4)(7, 8)
    (1, 4)(8, 9)
    (5, 6)(11, 12)
Ordnung des Stabilisators: 258048
Abstrakter Gruppentyp: C2*C2^3.PSL(2,7)*C2^2:S4
Erzeuger des Stabilisators:
{
    (13, 15)(17, 19),
    (15, 16)(19, 20),
    (1, 4)(8, 9),
    (3, 4)(7, 8),
    (7, 8)(9, 10),
    (7, 10)(8, 9),
    (13, 15)(16, 18),
    (16, 17)(18, 19),
    (13, 15)(14, 20),
    (5, 6)(11, 12),
    (13, 18)(15, 16),
    (2, 3)(8, 9)
}

Klasse 3
Vertreter (Generatormatrix):
[1 0 0 0 0 0 0 1 1 1 1 1 0 0 0 0 0 0 0 0]
[0 1 0 0 0 0 1 0 1 1 1 1 0 0 0 0 0 0 0 0]
[0 0 1 0 0 0 1 1 0 1 1 1 0 0 0 0 0 0 0 0]
[0 0 0 1 0 0 1 1 1 0 1 1 0 0 0 0 0 0 0 0]
[0 0 0 0 1 0 1 1 1 1 0 1 0 0 0 0 0 0 0 0]
[0 0 0 0 0 1 1 1 1 1 1 0 0 0 0 0 0 0 0 0]
[0 0 0 0 0 0 0 0 0 0 0 0 1 0 0 0 0 1 1 1]
[0 0 0 0 0 0 0 0 0 0 0 0 0 1 0 0 1 0 1 1]
[0 0 0 0 0 0 0 0 0 0 0 0 0 0 1 0 1 1 0 1]
[0 0 0 0 0 0 0 0 0 0 0 0 0 0 0 1 1 1 1 0]
Stabilisator in S_6 x S_14:
Permutation group acting on a set of cardinality 20
Order = 967680 = 2^10 * 3^3 * 5 * 7
    (13, 14)(17, 18)
    (13, 18)(14, 17)
    (13, 17)(15, 19)
    (14, 15)(18, 19)
    (14, 17)(19, 20)
    (13, 17)(16, 20)
    (1, 3)(7, 9)
    (3, 4)(9, 10)
    (4, 5)(10, 11)
    (5, 6)(11, 12)
    (2, 6)(8, 12)
Ordnung des Stabilisators: 967680
Abstrakter Gruppentyp: C2^3.PSL(2,7)*S6
Erzeuger des Stabilisators:
{
    (13, 14)(17, 18),
    (13, 18)(14, 17),
    (14, 17)(19, 20),
    (13, 17)(16, 20),
    (2, 6)(8, 12),
    (13, 17)(15, 19),
    (1, 3)(7, 9),
    (4, 5)(10, 11),
    (5, 6)(11, 12),
    (3, 4)(9, 10),
    (14, 15)(18, 19)
}

Klasse 4
Vertreter (Generatormatrix):
[1 0 0 0 0 0 0 1 1 0 0 0 0 0 0 0 0 1 1 1]
[0 1 0 0 0 0 0 1 0 0 0 0 1 0 0 0 0 1 1 1]
[0 0 1 0 0 0 0 0 1 0 0 0 1 0 0 0 0 1 1 1]
[0 0 0 1 0 0 0 0 0 1 0 0 0 0 0 0 0 0 0 0]
[0 0 0 0 1 0 0 0 0 0 1 0 0 0 0 0 0 0 0 0]
[0 0 0 0 0 1 0 0 0 0 0 1 0 0 0 0 0 0 0 0]
[0 0 0 0 0 0 1 1 1 0 0 0 1 0 0 0 0 0 0 0]
[0 0 0 0 0 0 0 0 0 0 0 0 0 1 0 0 1 0 1 1]
[0 0 0 0 0 0 0 0 0 0 0 0 0 0 1 0 1 1 0 1]
[0 0 0 0 0 0 0 0 0 0 0 0 0 0 0 1 1 1 1 0]
Stabilisator in S_6 x S_14:
Permutation group acting on a set of cardinality 20
Order = 24192 = 2^7 * 3^3 * 7
    (14, 15)(18, 19)
    (14, 18)(15, 19)
    (15, 19)(16, 20)
    (14, 16)(18, 20)
    (14, 19)(17, 20)
    (7, 8)(9, 13)
    (7, 9)(8, 13)
    (4, 6)(10, 12)
    (4, 5)(10, 11)
    (1, 3)(8, 13)
    (1, 2)(7, 8)
Ordnung des Stabilisators: 24192
Abstrakter Gruppentyp: PSL(2,7)*S4*S3
Erzeuger des Stabilisators:
{
    (14, 16)(18, 20),
    (7, 8)(9, 13),
    (7, 9)(8, 13),
    (1, 2)(7, 8),
    (4, 5)(10, 11),
    (1, 3)(8, 13),
    (14, 18)(15, 19),
    (14, 15)(18, 19),
    (4, 6)(10, 12),
    (15, 19)(16, 20),
    (14, 19)(17, 20)
}

Klasse 5
Vertreter (Generatormatrix):
[1 0 0 0 0 0 0 1 1 1 1 0 1 0 0 0 0 0 0 0]
[0 1 0 0 0 0 0 1 0 0 0 0 1 0 0 0 0 1 1 1]
[0 0 1 0 0 0 0 0 1 0 0 0 1 0 0 0 0 1 1 1]
[0 0 0 1 0 0 0 0 0 1 0 0 1 0 0 0 0 1 1 1]
[0 0 0 0 1 0 0 0 0 0 1 0 1 0 0 0 0 1 1 1]
[0 0 0 0 0 1 0 0 0 0 0 1 0 0 0 0 0 0 0 0]
[0 0 0 0 0 0 1 1 1 1 1 0 0 0 0 0 0 1 1 1]
[0 0 0 0 0 0 0 0 0 0 0 0 0 1 0 0 1 0 1 1]
[0 0 0 0 0 0 0 0 0 0 0 0 0 0 1 0 1 1 0 1]
[0 0 0 0 0 0 0 0 0 0 0 0 0 0 0 1 1 1 1 0]
Stabilisator in S_6 x S_14:
Permutation group acting on a set of cardinality 20
Order = 20160 = 2^6 * 3^2 * 5 * 7
    (14, 15)(16, 17)
    (14, 17)(15, 16)
    (14, 15)(18, 19)
    (16, 19)(17, 18)
    (14, 16)(18, 20)
    (1, 4)(7, 10)
    (4, 5)(10, 11)
    (2, 5)(8, 11)
    (2, 3)(8, 9)
Ordnung des Stabilisators: 20160
Abstrakter Gruppentyp: PSL(2,7)*S5
Erzeuger des Stabilisators:
{
    (14, 15)(16, 17),
    (14, 16)(18, 20),
    (14, 17)(15, 16),
    (16, 19)(17, 18),
    (14, 15)(18, 19),
    (4, 5)(10, 11),
    (1, 4)(7, 10),
    (2, 5)(8, 11),
    (2, 3)(8, 9)
}

Klasse 6
Vertreter (Generatormatrix):
[1 0 0 0 0 0 0 1 0 0 0 0 0 1 0 0 0 1 1 1]
[0 1 0 0 0 0 0 1 0 0 0 0 0 1 0 0 1 0 1 1]
[0 0 1 0 0 0 0 0 1 0 0 0 0 0 0 0 0 0 0 0]
[0 0 0 1 0 0 0 0 0 1 0 0 0 0 0 0 0 0 0 0]
[0 0 0 0 1 0 0 0 0 0 1 0 0 0 0 0 0 0 0 0]
[0 0 0 0 0 1 0 0 0 0 0 1 0 0 0 0 0 0 0 0]
[0 0 0 0 0 0 1 1 0 0 0 0 0 0 0 0 1 1 0 0]
[0 0 0 0 0 0 0 0 0 0 0 0 1 1 0 0 1 1 0 0]
[0 0 0 0 0 0 0 0 0 0 0 0 0 0 1 0 1 1 0 1]
[0 0 0 0 0 0 0 0 0 0 0 0 0 0 0 1 1 1 1 0]
Stabilisator in S_6 x S_14:
Permutation group acting on a set of cardinality 20
Order = 92160 = 2^11 * 3^2 * 5
    (13, 14)(17, 18)
    (13, 18)(14, 17)
    (13, 14)(16, 19)
    (16, 17)(18, 19)
    (7, 8)(13, 14)
    (7, 19)(8, 16)
    (13, 14)(15, 20)
    (7, 15)(8, 20)
    (4, 5)(10, 11)
    (5, 6)(11, 12)
    (3, 6)(9, 12)
    (1, 2)(13, 14)
Ordnung des Stabilisators: 92160
Abstrakter Gruppentyp: C2wrS5*S4
Erzeuger des Stabilisators:
{
    (13, 14)(17, 18),
    (13, 18)(14, 17),
    (1, 2)(13, 14),
    (7, 8)(13, 14),
    (7, 19)(8, 16),
    (7, 15)(8, 20),
    (13, 14)(16, 19),
    (13, 14)(15, 20),
    (4, 5)(10, 11),
    (16, 17)(18, 19),
    (3, 6)(9, 12),
    (5, 6)(11, 12)
}

Klasse 7
Vertreter (Generatormatrix):
[1 0 0 0 0 0 0 1 1 1 0 0 0 0 0 0 1 1 0 0]
[0 1 0 0 0 0 0 1 0 0 0 0 0 1 0 0 1 0 1 1]
[0 0 1 0 0 0 0 0 1 0 0 0 0 1 0 0 1 0 1 1]
[0 0 0 1 0 0 0 0 0 1 0 0 0 1 0 0 1 0 1 1]
[0 0 0 0 1 0 0 0 0 0 1 0 0 0 0 0 0 0 0 0]
[0 0 0 0 0 1 0 0 0 0 0 1 0 0 0 0 0 0 0 0]
[0 0 0 0 0 0 1 1 1 1 0 0 0 1 0 0 0 1 1 1]
[0 0 0 0 0 0 0 0 0 0 0 0 1 1 0 0 1 1 0 0]
[0 0 0 0 0 0 0 0 0 0 0 0 0 0 1 0 1 1 0 1]
[0 0 0 0 0 0 0 0 0 0 0 0 0 0 0 1 1 1 1 0]
Stabilisator in S_6 x S_14:
Permutation group acting on a set of cardinality 20
Order = 9216 = 2^10 * 3^2
    (13, 14)(17, 18)
    (13, 18)(14, 17)
    (13, 14)(16, 19)
    (16, 17)(18, 19)
    (13, 14)(15, 20)
    (15, 16)(19, 20)
    (1, 2)(7, 8)
    (2, 3)(8, 9)
    (3, 4)(9, 10)
    (5, 6)(11, 12)
Ordnung des Stabilisators: 9216
Abstrakter Gruppentyp: C2*C2^3:S4*S4
Erzeuger des Stabilisators:
{
    (13, 14)(17, 18),
    (15, 16)(19, 20),
    (13, 18)(14, 17),
    (1, 2)(7, 8),
    (13, 14)(15, 20),
    (13, 14)(16, 19),
    (16, 17)(18, 19),
    (5, 6)(11, 12),
    (3, 4)(9, 10),
    (2, 3)(8, 9)
}

Klasse 8
Vertreter (Generatormatrix):
[1 0 0 0 0 0 0 1 1 1 1 1 0 1 0 0 0 1 1 1]
[0 1 0 0 0 0 0 1 0 0 0 0 0 1 0 0 1 0 1 1]
[0 0 1 0 0 0 0 0 1 0 0 0 0 1 0 0 1 0 1 1]
[0 0 0 1 0 0 0 0 0 1 0 0 0 1 0 0 1 0 1 1]
[0 0 0 0 1 0 0 0 0 0 1 0 0 1 0 0 1 0 1 1]
[0 0 0 0 0 1 0 0 0 0 0 1 0 1 0 0 1 0 1 1]
[0 0 0 0 0 0 1 1 1 1 1 1 0 0 0 0 1 1 0 0]
[0 0 0 0 0 0 0 0 0 0 0 0 1 1 0 0 1 1 0 0]
[0 0 0 0 0 0 0 0 0 0 0 0 0 0 1 0 1 1 0 1]
[0 0 0 0 0 0 0 0 0 0 0 0 0 0 0 1 1 1 1 0]
Stabilisator in S_6 x S_14:
Permutation group acting on a set of cardinality 20
Order = 138240 = 2^10 * 3^3 * 5
    (16, 17)(18, 19)
    (16, 19)(17, 18)
    (15, 20)(17, 18)
    (15, 16)(19, 20)
    (13, 14)(17, 18)
    (13, 15)(14, 20)
    (1, 2)(7, 8)
    (2, 3)(8, 9)
    (3, 5)(9, 11)
    (5, 6)(11, 12)
    (4, 6)(10, 12)
Ordnung des Stabilisators: 138240
Abstrakter Gruppentyp: C2^3:S4*S6
Erzeuger des Stabilisators:
{
    (13, 15)(14, 20),
    (4, 6)(10, 12),
    (3, 5)(9, 11),
    (16, 19)(17, 18),
    (15, 20)(17, 18),
    (16, 17)(18, 19),
    (1, 2)(7, 8),
    (13, 14)(17, 18),
    (5, 6)(11, 12),
    (2, 3)(8, 9),
    (15, 16)(19, 20)
}

Klasse 9
Vertreter (Generatormatrix):
[1 0 0 1 0 1 0 1 0 1 1 0 0 0 0 0 0 0 0 0]
[0 1 0 1 0 1 0 1 0 1 0 1 0 0 0 0 0 0 0 0]
[0 0 1 1 0 0 0 0 0 0 1 1 0 0 0 0 0 0 0 0]
[0 0 0 0 1 1 0 0 0 0 1 1 0 0 0 0 0 0 0 0]
[0 0 0 0 0 0 1 1 0 0 1 1 0 0 0 0 0 0 0 0]
[0 0 0 0 0 0 0 0 1 1 1 1 0 0 0 0 0 0 0 0]
[0 0 0 0 0 0 0 0 0 0 0 0 1 0 0 0 0 1 1 1]
[0 0 0 0 0 0 0 0 0 0 0 0 0 1 0 0 1 0 1 1]
[0 0 0 0 0 0 0 0 0 0 0 0 0 0 1 0 1 1 0 1]
[0 0 0 0 0 0 0 0 0 0 0 0 0 0 0 1 1 1 1 0]
Stabilisator in S_6 x S_14:
Permutation group acting on a set of cardinality 20
Order = 1548288 = 2^13 * 3^3 * 7
    (13, 14)(17, 18)
    (13, 18)(14, 17)
    (13, 17)(15, 19)
    (14, 15)(18, 19)
    (13, 14)(16, 19)
    (13, 17)(16, 20)
    (1, 2)(3, 4)
    (1, 4)(2, 3)
    (1, 2)(5, 6)
    (3, 6)(4, 5)
    (1, 2)(7, 8)
    (1, 2)(11, 12)
    (7, 12)(8, 11)
    (1, 2)(9, 10)
    (9, 11)(10, 12)
Ordnung des Stabilisators: 1548288
Abstrakter Gruppentyp: C2^3.PSL(2,7)*A4^2.C2^3
Erzeuger des Stabilisators:
{
    (1, 2)(11, 12),
    (13, 17)(15, 19),
    (7, 12)(8, 11),
    (13, 17)(16, 20),
    (14, 15)(18, 19),
    (13, 18)(14, 17),
    (13, 14)(16, 19),
    (1, 2)(7, 8),
    (13, 14)(17, 18),
    (1, 2)(3, 4),
    (1, 2)(5, 6),
    (1, 4)(2, 3),
    (1, 2)(9, 10),
    (9, 11)(10, 12),
    (3, 6)(4, 5)
}

Klasse 10
Vertreter (Generatormatrix):
[1 0 0 1 0 0 0 1 0 1 1 0 0 0 0 0 0 1 1 1]
[0 1 0 1 0 0 0 1 0 1 0 0 1 0 0 0 0 1 1 1]
[0 0 1 1 0 0 0 0 0 0 1 0 1 0 0 0 0 0 0 0]
[0 0 0 0 1 0 0 0 0 0 1 0 1 0 0 0 0 1 1 1]
[0 0 0 0 0 1 0 0 0 0 0 1 0 0 0 0 0 0 0 0]
[0 0 0 0 0 0 1 1 0 0 1 0 1 0 0 0 0 0 0 0]
[0 0 0 0 0 0 0 0 1 1 1 0 1 0 0 0 0 0 0 0]
[0 0 0 0 0 0 0 0 0 0 0 0 0 1 0 0 1 0 1 1]
[0 0 0 0 0 0 0 0 0 0 0 0 0 0 1 0 1 1 0 1]
[0 0 0 0 0 0 0 0 0 0 0 0 0 0 0 1 1 1 1 0]
Stabilisator in S_6 x S_14:
Permutation group acting on a set of cardinality 20
Order = 32256 = 2^9 * 3^2 * 7
    (14, 15)(18, 19)
    (14, 19)(15, 18)
    (14, 15)(16, 17)
    (16, 19)(17, 18)
    (14, 18)(16, 20)
    (7, 13)(8, 11)
    (7, 8)(11, 13)
    (9, 10)(11, 13)
    (7, 10)(8, 9)
    (3, 4)(11, 13)
    (1, 2)(11, 13)
    (1, 4)(2, 3)
Ordnung des Stabilisators: 32256
Abstrakter Gruppentyp: PSL(2,7)*D4*S4
Erzeuger des Stabilisators:
{
    (7, 8)(11, 13),
    (3, 4)(11, 13),
    (7, 10)(8, 9),
    (16, 19)(17, 18),
    (14, 15)(18, 19),
    (7, 13)(8, 11),
    (9, 10)(11, 13),
    (14, 15)(16, 17),
    (1, 2)(11, 13),
    (1, 4)(2, 3),
    (14, 19)(15, 18),
    (14, 18)(16, 20)
}

Klasse 11
Vertreter (Generatormatrix):
[1 0 0 0 0 0 0 0 0 0 1 1 0 0 0 0 0 1 1 1]
[0 1 0 0 0 0 0 0 1 1 1 1 1 0 0 0 0 0 0 0]
[0 0 1 0 0 0 0 1 0 1 1 1 1 0 0 0 0 0 0 0]
[0 0 0 1 0 0 0 1 1 0 1 1 1 0 0 0 0 0 0 0]
[0 0 0 0 1 0 0 0 0 0 1 0 1 0 0 0 0 1 1 1]
[0 0 0 0 0 1 0 0 0 0 0 1 1 0 0 0 0 1 1 1]
[0 0 0 0 0 0 1 1 1 1 0 0 0 0 0 0 0 0 0 0]
[0 0 0 0 0 0 0 0 0 0 0 0 0 1 0 0 1 0 1 1]
[0 0 0 0 0 0 0 0 0 0 0 0 0 0 1 0 1 1 0 1]
[0 0 0 0 0 0 0 0 0 0 0 0 0 0 0 1 1 1 1 0]
Stabilisator in S_6 x S_14:
Permutation group acting on a set of cardinality 20
Order = 24192 = 2^7 * 3^3 * 7
    (14, 17)(15, 16)
    (14, 15)(16, 17)
    (15, 17)(18, 20)
    (14, 20)(16, 18)
    (15, 16)(19, 20)
    (7, 8)(9, 10)
    (7, 9)(8, 10)
    (3, 4)(7, 8)
    (2, 4)(8, 10)
    (5, 6)(11, 12)
    (1, 5)(12, 13)
Ordnung des Stabilisators: 24192
Abstrakter Gruppentyp: PSL(2,7)*S4*S3
Erzeuger des Stabilisators:
{
    (15, 16)(19, 20),
    (14, 15)(16, 17),
    (3, 4)(7, 8),
    (14, 17)(15, 16),
    (7, 9)(8, 10),
    (7, 8)(9, 10),
    (15, 17)(18, 20),
    (14, 20)(16, 18),
    (2, 4)(8, 10),
    (5, 6)(11, 12),
    (1, 5)(12, 13)
}

Klasse 12
Vertreter (Generatormatrix):
[1 0 0 1 0 0 0 0 0 1 1 1 0 0 0 0 0 1 1 1]
[0 1 0 1 0 0 0 0 1 0 1 1 0 0 0 0 0 1 1 1]
[0 0 1 1 0 0 0 0 1 1 0 0 0 0 0 0 0 0 0 0]
[0 0 0 0 1 0 0 0 0 0 1 0 1 0 0 0 0 1 1 1]
[0 0 0 0 0 1 0 0 0 0 0 1 1 0 0 0 0 1 1 1]
[0 0 0 0 0 0 1 0 0 0 1 1 1 0 0 0 0 0 0 0]
[0 0 0 0 0 0 0 1 1 1 1 1 0 0 0 0 0 1 1 1]
[0 0 0 0 0 0 0 0 0 0 0 0 0 1 0 0 1 0 1 1]
[0 0 0 0 0 0 0 0 0 0 0 0 0 0 1 0 1 1 0 1]
[0 0 0 0 0 0 0 0 0 0 0 0 0 0 0 1 1 1 1 0]
Stabilisator in S_6 x S_14:
Permutation group acting on a set of cardinality 20
Order = 32256 = 2^9 * 3^2 * 7
    (14, 15)(18, 19)
    (14, 18)(15, 19)
    (14, 19)(17, 20)
    (15, 17)(18, 20)
    (15, 19)(16, 20)
    (7, 12)(11, 13)
    (7, 11)(12, 13)
    (1, 4)(8, 9)
    (1, 2)(9, 10)
    (2, 3)(8, 9)
    (5, 6)(7, 13)
Ordnung des Stabilisators: 32256
Abstrakter Gruppentyp: PSL(2,7)*D4*S4
Erzeuger des Stabilisators:
{
    (1, 4)(8, 9),
    (7, 11)(12, 13),
    (1, 2)(9, 10),
    (15, 17)(18, 20),
    (5, 6)(7, 13),
    (7, 12)(11, 13),
    (14, 18)(15, 19),
    (14, 15)(18, 19),
    (15, 19)(16, 20),
    (14, 19)(17, 20),
    (2, 3)(8, 9)
}

Klasse 13
Vertreter (Generatormatrix):
[1 0 0 1 0 0 0 1 0 1 0 0 0 1 0 0 0 1 1 1]
[0 1 0 1 0 0 0 1 0 1 0 0 0 1 0 0 1 0 1 1]
[0 0 1 1 0 0 0 0 0 0 0 0 0 0 0 0 1 1 0 0]
[0 0 0 0 1 0 0 0 0 0 1 0 0 0 0 0 0 0 0 0]
[0 0 0 0 0 1 0 0 0 0 0 1 0 0 0 0 0 0 0 0]
[0 0 0 0 0 0 1 1 0 0 0 0 0 0 0 0 1 1 0 0]
[0 0 0 0 0 0 0 0 1 1 0 0 0 0 0 0 1 1 0 0]
[0 0 0 0 0 0 0 0 0 0 0 0 1 1 0 0 1 1 0 0]
[0 0 0 0 0 0 0 0 0 0 0 0 0 0 1 0 1 1 0 1]
[0 0 0 0 0 0 0 0 0 0 0 0 0 0 0 1 1 1 1 0]
Stabilisator in S_6 x S_14:
Permutation group acting on a set of cardinality 20
Order = 368640 = 2^13 * 3^2 * 5
    (13, 14)(15, 20)
    (13, 15)(14, 20)
    (7, 8)(13, 14)
    (7, 15)(8, 20)
    (13, 14)(16, 19)
    (7, 19)(8, 16)
    (9, 10)(13, 14)
    (9, 19)(10, 16)
    (13, 14)(17, 18)
    (9, 18)(10, 17)
    (1, 2)(13, 14)
    (3, 4)(13, 14)
    (1, 4)(2, 3)
    (5, 6)(11, 12)
Ordnung des Stabilisators: 368640
Abstrakter Gruppentyp: C2*C2^7.C2.A6.C2
Erzeuger des Stabilisators:
{
    (7, 19)(8, 16),
    (3, 4)(13, 14),
    (9, 18)(10, 17),
    (9, 10)(13, 14),
    (13, 15)(14, 20),
    (1, 2)(13, 14),
    (13, 14)(16, 19),
    (13, 14)(15, 20),
    (13, 14)(17, 18),
    (9, 19)(10, 16),
    (5, 6)(11, 12),
    (1, 4)(2, 3),
    (7, 8)(13, 14),
    (7, 15)(8, 20)
}

Klasse 14
Vertreter (Generatormatrix):
[1 0 0 0 0 0 0 0 0 0 1 0 0 1 0 0 0 1 1 1]
[0 1 0 0 0 0 0 0 1 1 1 0 0 0 0 0 1 1 0 0]
[0 0 1 0 0 0 0 1 0 1 1 0 0 0 0 0 1 1 0 0]
[0 0 0 1 0 0 0 1 1 0 1 0 0 0 0 0 1 1 0 0]
[0 0 0 0 1 0 0 0 0 0 1 0 0 1 0 0 1 0 1 1]
[0 0 0 0 0 1 0 0 0 0 0 1 0 0 0 0 0 0 0 0]
[0 0 0 0 0 0 1 1 1 1 0 0 0 0 0 0 0 0 0 0]
[0 0 0 0 0 0 0 0 0 0 0 0 1 1 0 0 1 1 0 0]
[0 0 0 0 0 0 0 0 0 0 0 0 0 0 1 0 1 1 0 1]
[0 0 0 0 0 0 0 0 0 0 0 0 0 0 0 1 1 1 1 0]
Stabilisator in S_6 x S_14:
Permutation group acting on a set of cardinality 20
Order = 9216 = 2^10 * 3^2
    (13, 18)(14, 17)
    (13, 14)(17, 18)
    (15, 20)(17, 18)
    (13, 20)(14, 15)
    (16, 19)(17, 18)
    (15, 16)(19, 20)
    (7, 9)(8, 10)
    (7, 8)(9, 10)
    (3, 4)(9, 10)
    (2, 4)(7, 9)
    (1, 5)(17, 18)
Ordnung des Stabilisators: 9216
Abstrakter Gruppentyp: C2^3:S4.C2*S4
Erzeuger des Stabilisators:
{
    (13, 14)(17, 18),
    (15, 16)(19, 20),
    (13, 18)(14, 17),
    (7, 9)(8, 10),
    (7, 8)(9, 10),
    (1, 5)(17, 18),
    (13, 20)(14, 15),
    (15, 20)(17, 18),
    (16, 19)(17, 18),
    (2, 4)(7, 9),
    (3, 4)(9, 10)
}

Klasse 15
Vertreter (Generatormatrix):
[1 0 0 1 0 0 0 1 1 0 0 0 0 0 0 0 0 0 0 0]
[0 1 0 1 0 0 0 1 0 1 0 0 0 0 0 0 0 0 0 0]
[0 0 1 1 0 0 0 0 1 1 0 0 0 0 0 0 0 0 0 0]
[0 0 0 0 1 0 0 0 0 0 0 1 0 1 0 0 0 1 1 1]
[0 0 0 0 0 1 0 0 0 0 0 1 0 1 0 0 1 0 1 1]
[0 0 0 0 0 0 1 1 1 1 0 0 0 0 0 0 0 0 0 0]
[0 0 0 0 0 0 0 0 0 0 1 1 0 0 0 0 1 1 0 0]
[0 0 0 0 0 0 0 0 0 0 0 0 1 1 0 0 1 1 0 0]
[0 0 0 0 0 0 0 0 0 0 0 0 0 0 1 0 1 1 0 1]
[0 0 0 0 0 0 0 0 0 0 0 0 0 0 0 1 1 1 1 0]
Stabilisator in S_6 x S_14:
Permutation group acting on a set of cardinality 20
Order = 368640 = 2^13 * 3^2 * 5
    (11, 14)(12, 13)
    (11, 12)(13, 14)
    (13, 14)(17, 18)
    (11, 18)(12, 17)
    (13, 14)(15, 20)
    (15, 17)(18, 20)
    (13, 14)(16, 19)
    (15, 19)(16, 20)
    (1, 4)(2, 3)
    (1, 2)(3, 4)
    (3, 4)(7, 8)
    (2, 3)(8, 9)
    (3, 4)(9, 10)
    (5, 6)(13, 14)
Ordnung des Stabilisators: 368640
Abstrakter Gruppentyp: C2wrS5*C2^2:S4
Erzeuger des Stabilisators:
{
    (11, 14)(12, 13),
    (5, 6)(13, 14),
    (15, 17)(18, 20),
    (11, 18)(12, 17),
    (3, 4)(7, 8),
    (11, 12)(13, 14),
    (3, 4)(9, 10),
    (15, 19)(16, 20),
    (13, 14)(16, 19),
    (13, 14)(15, 20),
    (13, 14)(17, 18),
    (1, 2)(3, 4),
    (1, 4)(2, 3),
    (2, 3)(8, 9)
}

Klasse 16
Vertreter (Generatormatrix):
[1 0 0 1 0 0 0 1 0 1 1 1 0 0 0 0 1 1 0 0]
[0 1 0 1 0 0 0 1 0 1 0 0 0 1 0 0 1 0 1 1]
[0 0 1 1 0 0 0 0 0 0 1 1 0 1 0 0 0 1 1 1]
[0 0 0 0 1 0 0 0 0 0 1 0 0 1 0 0 1 0 1 1]
[0 0 0 0 0 1 0 0 0 0 0 1 0 1 0 0 1 0 1 1]
[0 0 0 0 0 0 1 1 0 0 1 1 0 1 0 0 0 1 1 1]
[0 0 0 0 0 0 0 0 1 1 1 1 0 1 0 0 0 1 1 1]
[0 0 0 0 0 0 0 0 0 0 0 0 1 1 0 0 1 1 0 0]
[0 0 0 0 0 0 0 0 0 0 0 0 0 0 1 0 1 1 0 1]
[0 0 0 0 0 0 0 0 0 0 0 0 0 0 0 1 1 1 1 0]
Stabilisator in S_6 x S_14:
Permutation group acting on a set of cardinality 20
Order = 12288 = 2^12 * 3
    (16, 17)(18, 19)
    (16, 19)(17, 18)
    (15, 20)(17, 18)
    (15, 16)(19, 20)
    (13, 14)(17, 18)
    (13, 15)(14, 20)
    (7, 8)(9, 10)
    (7, 10)(8, 9)
    (3, 4)(7, 8)
    (1, 2)(7, 8)
    (1, 4)(2, 3)
    (5, 6)(11, 12)
Ordnung des Stabilisators: 12288
Abstrakter Gruppentyp: C2^3:A4.C2^4.C2^3
Erzeuger des Stabilisators:
{
    (3, 4)(7, 8),
    (13, 15)(14, 20),
    (7, 10)(8, 9),
    (7, 8)(9, 10),
    (16, 19)(17, 18),
    (15, 20)(17, 18),
    (16, 17)(18, 19),
    (1, 2)(7, 8),
    (13, 14)(17, 18),
    (5, 6)(11, 12),
    (1, 4)(2, 3),
    (15, 16)(19, 20)
}

Klasse 17
Vertreter (Generatormatrix):
[1 0 0 1 0 0 0 0 0 1 1 0 0 1 0 0 0 1 1 1]
[0 1 0 1 0 0 0 0 1 0 1 0 0 1 0 0 0 1 1 1]
[0 0 1 1 0 0 0 0 1 1 0 0 0 0 0 0 0 0 0 0]
[0 0 0 0 1 0 0 0 0 0 1 0 0 1 0 0 1 0 1 1]
[0 0 0 0 0 1 0 0 0 0 0 1 0 0 0 0 0 0 0 0]
[0 0 0 0 0 0 1 0 0 0 1 0 0 0 0 0 1 1 0 0]
[0 0 0 0 0 0 0 1 1 1 1 0 0 1 0 0 0 1 1 1]
[0 0 0 0 0 0 0 0 0 0 0 0 1 1 0 0 1 1 0 0]
[0 0 0 0 0 0 0 0 0 0 0 0 0 0 1 0 1 1 0 1]
[0 0 0 0 0 0 0 0 0 0 0 0 0 0 0 1 1 1 1 0]
Stabilisator in S_6 x S_14:
Permutation group acting on a set of cardinality 20
Order = 46080 = 2^10 * 3^2 * 5
    (13, 14)(17, 18)
    (13, 18)(14, 17)
    (13, 14)(15, 20)
    (15, 17)(18, 20)
    (13, 14)(16, 19)
    (15, 16)(19, 20)
    (7, 11)(13, 14)
    (7, 16)(11, 19)
    (1, 2)(3, 4)
    (1, 4)(2, 3)
    (1, 2)(9, 10)
    (1, 3)(8, 10)
Ordnung des Stabilisators: 46080
Abstrakter Gruppentyp: C2^4.S5*S4
Erzeuger des Stabilisators:
{
    (15, 17)(18, 20),
    (7, 16)(11, 19),
    (13, 18)(14, 17),
    (13, 14)(16, 19),
    (13, 14)(15, 20),
    (13, 14)(17, 18),
    (1, 2)(3, 4),
    (7, 11)(13, 14),
    (1, 4)(2, 3),
    (1, 2)(9, 10),
    (15, 16)(19, 20),
    (1, 3)(8, 10)
}

Klasse 18
Vertreter (Generatormatrix):
[1 0 0 0 0 0 0 1 1 1 1 1 0 1 0 0 0 1 1 1]
[0 1 0 0 0 0 0 1 0 0 1 1 0 0 0 0 1 1 0 0]
[0 0 1 0 0 0 0 0 1 0 1 1 0 0 0 0 1 1 0 0]
[0 0 0 1 0 0 0 0 0 1 1 1 0 0 0 0 1 1 0 0]
[0 0 0 0 1 0 0 0 0 0 1 0 0 1 0 0 1 0 1 1]
[0 0 0 0 0 1 0 0 0 0 0 1 0 1 0 0 1 0 1 1]
[0 0 0 0 0 0 1 1 1 1 0 0 0 1 0 0 1 0 1 1]
[0 0 0 0 0 0 0 0 0 0 0 0 1 1 0 0 1 1 0 0]
[0 0 0 0 0 0 0 0 0 0 0 0 0 0 1 0 1 1 0 1]
[0 0 0 0 0 0 0 0 0 0 0 0 0 0 0 1 1 1 1 0]
Stabilisator in S_6 x S_14:
Permutation group acting on a set of cardinality 20
Order = 9216 = 2^10 * 3^2
    (16, 17)(18, 19)
    (16, 19)(17, 18)
    (13, 14)(17, 18)
    (13, 19)(14, 16)
    (15, 20)(17, 18)
    (13, 15)(14, 20)
    (3, 4)(9, 10)
    (2, 4)(8, 10)
    (1, 2)(7, 8)
    (5, 6)(11, 12)
Ordnung des Stabilisators: 9216
Abstrakter Gruppentyp: C2*C2^3:S4*S4
Erzeuger des Stabilisators:
{
    (13, 14)(17, 18),
    (13, 19)(14, 16),
    (1, 2)(7, 8),
    (16, 19)(17, 18),
    (15, 20)(17, 18),
    (16, 17)(18, 19),
    (2, 4)(8, 10),
    (13, 15)(14, 20),
    (5, 6)(11, 12),
    (3, 4)(9, 10)
}

Klasse 19
Vertreter (Generatormatrix):
[1 0 0 0 0 0 0 1 1 1 1 1 0 1 0 0 1 0 1 1]
[0 1 0 0 0 0 0 1 1 1 1 1 0 1 0 0 0 1 1 1]
[0 0 1 0 0 0 0 0 0 1 1 1 0 0 0 0 1 1 0 0]
[0 0 0 1 0 0 0 0 1 0 1 1 0 0 0 0 1 1 0 0]
[0 0 0 0 1 0 0 0 1 1 0 1 0 0 0 0 1 1 0 0]
[0 0 0 0 0 1 0 0 1 1 1 0 0 0 0 0 1 1 0 0]
[0 0 0 0 0 0 1 1 0 0 0 0 0 0 0 0 1 1 0 0]
[0 0 0 0 0 0 0 0 0 0 0 0 1 1 0 0 1 1 0 0]
[0 0 0 0 0 0 0 0 0 0 0 0 0 0 1 0 1 1 0 1]
[0 0 0 0 0 0 0 0 0 0 0 0 0 0 0 1 1 1 1 0]
Stabilisator in S_6 x S_14:
Permutation group acting on a set of cardinality 20
Order = 92160 = 2^11 * 3^2 * 5
    (7, 19)(8, 16)
    (7, 8)(16, 19)
    (16, 19)(17, 18)
    (7, 18)(8, 17)
    (15, 20)(16, 19)
    (15, 17)(18, 20)
    (13, 14)(16, 19)
    (13, 20)(14, 15)
    (3, 4)(9, 10)
    (4, 5)(10, 11)
    (5, 6)(11, 12)
    (1, 2)(16, 19)
Ordnung des Stabilisators: 92160
Abstrakter Gruppentyp: C2wrS5*S4
Erzeuger des Stabilisators:
{
    (7, 19)(8, 16),
    (15, 20)(16, 19),
    (15, 17)(18, 20),
    (4, 5)(10, 11),
    (7, 18)(8, 17),
    (16, 19)(17, 18),
    (3, 4)(9, 10),
    (13, 14)(16, 19),
    (7, 8)(16, 19),
    (5, 6)(11, 12),
    (1, 2)(16, 19),
    (13, 20)(14, 15)
}

Klasse 20
Vertreter (Generatormatrix):
[1 0 0 0 0 0 0 1 0 1 0 0 1 0 0 0 1 1 0 0]
[0 1 0 0 0 0 0 1 0 0 0 0 1 1 0 0 1 1 0 0]
[0 0 1 0 0 0 0 0 0 1 0 0 0 1 0 0 0 1 1 1]
[0 0 0 1 0 0 0 0 0 1 0 0 0 1 0 0 1 0 1 1]
[0 0 0 0 1 0 0 0 0 0 1 0 0 0 0 0 0 0 0 0]
[0 0 0 0 0 1 0 0 0 0 0 1 0 0 0 0 0 0 0 0]
[0 0 0 0 0 0 1 1 0 1 0 0 0 1 0 0 0 0 0 0]
[0 0 0 0 0 0 0 0 1 1 0 0 1 1 0 0 0 0 0 0]
[0 0 0 0 0 0 0 0 0 0 0 0 0 0 1 0 1 1 0 1]
[0 0 0 0 0 0 0 0 0 0 0 0 0 0 0 1 1 1 1 0]
Stabilisator in S_6 x S_14:
Permutation group acting on a set of cardinality 20
Order = 9216 = 2^10 * 3^2
    (16, 19)(17, 18)
    (16, 17)(18, 19)
    (15, 20)(17, 18)
    (15, 16)(19, 20)
    (7, 8)(10, 14)
    (7, 14)(8, 10)
    (7, 8)(9, 13)
    (9, 14)(10, 13)
    (1, 2)(7, 8)
    (3, 4)(17, 18)
    (1, 4)(2, 3)(7, 18)(8, 17)(9, 15)(10, 19)(13, 20)(14, 16)
    (5, 6)(11, 12)
Ordnung des Stabilisators: 9216
Abstrakter Gruppentyp: C2*C2^4.D6wrC2
Erzeuger des Stabilisators:
{
    (15, 16)(19, 20),
    (9, 14)(10, 13),
    (7, 8)(9, 13),
    (1, 2)(7, 8),
    (7, 8)(10, 14),
    (16, 19)(17, 18),
    (15, 20)(17, 18),
    (1, 4)(2, 3)(7, 18)(8, 17)(9, 15)(10, 19)(13, 20)(14, 16),
    (16, 17)(18, 19),
    (5, 6)(11, 12),
    (7, 14)(8, 10),
    (3, 4)(17, 18)
}

Klasse 21
Vertreter (Generatormatrix):
[1 0 0 0 0 0 0 0 0 1 1 0 0 0 0 0 1 0 1 1]
[0 1 0 0 0 0 0 0 1 1 1 0 1 1 0 0 0 0 0 0]
[0 0 1 0 0 0 0 0 1 0 0 0 1 0 0 0 0 1 1 1]
[0 0 0 1 0 0 0 0 0 1 0 0 0 1 0 0 1 0 1 1]
[0 0 0 0 1 0 0 0 0 0 1 0 0 1 0 0 1 0 1 1]
[0 0 0 0 0 1 0 0 0 0 0 1 0 0 0 0 0 0 0 0]
[0 0 0 0 0 0 1 0 0 1 1 0 1 1 0 0 0 1 1 1]
[0 0 0 0 0 0 0 1 1 1 1 0 0 1 0 0 0 1 1 1]
[0 0 0 0 0 0 0 0 0 0 0 0 0 0 1 0 1 1 0 1]
[0 0 0 0 0 0 0 0 0 0 0 0 0 0 0 1 1 1 1 0]
Stabilisator in S_6 x S_14:
Permutation group acting on a set of cardinality 20
Order = 1152 = 2^7 * 3^2
    (15, 17)(18, 20)
    (15, 20)(17, 18)
    (16, 19)(17, 18)
    (15, 16)(19, 20)
    (7, 9)(8, 13)
    (7, 8)(9, 13)
    (4, 5)(10, 11)
    (2, 3)(7, 13)
    (1, 5)(10, 14)
Ordnung des Stabilisators: 1152
Abstrakter Gruppentyp: S4*D4*S3
Erzeuger des Stabilisators:
{
    (7, 9)(8, 13),
    (16, 19)(17, 18),
    (15, 16)(19, 20),
    (15, 17)(18, 20),
    (4, 5)(10, 11),
    (15, 20)(17, 18),
    (7, 8)(9, 13),
    (1, 5)(10, 14),
    (2, 3)(7, 13)
}

Klasse 22
Vertreter (Generatormatrix):
[1 0 0 0 0 0 0 1 1 0 0 0 0 0 0 0 0 1 1 1]
[0 1 0 0 0 0 0 1 0 0 0 0 1 0 0 0 0 1 1 1]
[0 0 1 0 0 0 0 0 1 0 0 0 1 0 0 0 0 1 1 1]
[0 0 0 1 0 0 0 0 0 0 1 1 0 0 0 0 1 0 1 1]
[0 0 0 0 1 0 0 0 0 0 1 0 0 1 0 0 1 0 1 1]
[0 0 0 0 0 1 0 0 0 0 0 1 0 1 0 0 1 0 1 1]
[0 0 0 0 0 0 1 1 1 0 0 0 1 0 0 0 0 0 0 0]
[0 0 0 0 0 0 0 0 0 1 1 1 0 1 0 0 0 0 0 0]
[0 0 0 0 0 0 0 0 0 0 0 0 0 0 1 0 1 1 0 1]
[0 0 0 0 0 0 0 0 0 0 0 0 0 0 0 1 1 1 1 0]
Stabilisator in S_6 x S_14:
Permutation group acting on a set of cardinality 20
Order = 27648 = 2^10 * 3^3
    (16, 19)(17, 18)
    (16, 17)(18, 19)
    (15, 20)(17, 18)
    (15, 16)(19, 20)
    (10, 12)(11, 14)
    (10, 11)(12, 14)
    (7, 13)(8, 9)
    (7, 8)(9, 13)
    (1, 2)(9, 13)
    (1, 3)(8, 13)
    (5, 6)(10, 14)
    (4, 5)(12, 14)
    (1, 5)(2, 6)(3, 4)(7, 11)(8, 12)(9, 10)(13, 14)(17, 18)
Ordnung des Stabilisators: 27648
Abstrakter Gruppentyp: A4^2.(D4*S4)
Erzeuger des Stabilisators:
{
    (5, 6)(10, 14),
    (1, 3)(8, 13),
    (1, 5)(2, 6)(3, 4)(7, 11)(8, 12)(9, 10)(13, 14)(17, 18),
    (1, 2)(9, 13),
    (16, 19)(17, 18),
    (15, 20)(17, 18),
    (10, 12)(11, 14),
    (16, 17)(18, 19),
    (10, 11)(12, 14),
    (7, 8)(9, 13),
    (4, 5)(12, 14),
    (15, 16)(19, 20),
    (7, 13)(8, 9)
}

Klasse 23
Vertreter (Generatormatrix):
[1 0 0 0 0 0 0 1 0 1 1 1 1 1 0 0 0 1 1 1]
[0 1 0 0 0 0 0 1 0 0 0 0 1 1 0 0 1 1 0 0]
[0 0 1 0 0 0 0 0 0 1 1 1 0 0 0 0 1 1 0 0]
[0 0 0 1 0 0 0 0 0 1 0 0 0 1 0 0 1 0 1 1]
[0 0 0 0 1 0 0 0 0 0 1 0 0 1 0 0 1 0 1 1]
[0 0 0 0 0 1 0 0 0 0 0 1 0 1 0 0 1 0 1 1]
[0 0 0 0 0 0 1 1 0 1 1 1 0 0 0 0 1 0 1 1]
[0 0 0 0 0 0 0 0 1 1 1 1 1 0 0 0 1 0 1 1]
[0 0 0 0 0 0 0 0 0 0 0 0 0 0 1 0 1 1 0 1]
[0 0 0 0 0 0 0 0 0 0 0 0 0 0 0 1 1 1 1 0]
Stabilisator in S_6 x S_14:
Permutation group acting on a set of cardinality 20
Order = 1152 = 2^7 * 3^2
    (16, 19)(17, 18)
    (16, 17)(18, 19)
    (15, 20)(17, 18)
    (15, 16)(19, 20)
    (7, 8)(9, 13)
    (7, 13)(8, 9)
    (5, 6)(11, 12)
    (4, 6)(10, 12)
    (1, 2)(7, 8)
Ordnung des Stabilisators: 1152
Abstrakter Gruppentyp: C2^2.D6^2.C2
Erzeuger des Stabilisators:
{
    (15, 16)(19, 20),
    (7, 8)(9, 13),
    (1, 2)(7, 8),
    (16, 19)(17, 18),
    (15, 20)(17, 18),
    (7, 13)(8, 9),
    (16, 17)(18, 19),
    (5, 6)(11, 12),
    (4, 6)(10, 12)
}

Klasse 24
Vertreter (Generatormatrix):
[1 0 0 0 0 0 0 1 1 0 0 0 0 1 0 0 1 1 0 0]
[0 1 0 0 0 0 0 1 0 0 0 0 1 0 0 0 0 1 1 1]
[0 0 1 0 0 0 0 0 1 0 0 0 1 0 0 0 0 1 1 1]
[0 0 0 1 0 0 0 0 0 0 1 1 1 0 0 0 1 1 0 0]
[0 0 0 0 1 0 0 0 0 0 1 0 0 1 0 0 1 0 1 1]
[0 0 0 0 0 1 0 0 0 0 0 1 0 1 0 0 1 0 1 1]
[0 0 0 0 0 0 1 1 1 0 0 0 1 1 0 0 1 0 1 1]
[0 0 0 0 0 0 0 0 0 1 1 1 1 1 0 0 0 1 1 1]
[0 0 0 0 0 0 0 0 0 0 0 0 0 0 1 0 1 1 0 1]
[0 0 0 0 0 0 0 0 0 0 0 0 0 0 0 1 1 1 1 0]
Stabilisator in S_6 x S_14:
Permutation group acting on a set of cardinality 20
Order = 1728 = 2^6 * 3^3
    (16, 17)(18, 19)
    (16, 19)(17, 18)
    (15, 20)(17, 18)
    (15, 16)(19, 20)
    (1, 3)(7, 9)
    (1, 2)(7, 8)
    (5, 6)(11, 12)
    (4, 6)(10, 12)
    (1, 6)(2, 4)(3, 5)(7, 12)(8, 10)(9, 11)(13, 14)(17, 18)
Ordnung des Stabilisators: 1728
Abstrakter Gruppentyp: C6^2.(S3*D4)
SmallGroup-Kennung: <1728, 47847>
Erzeuger des Stabilisators:
{
    (15, 16)(19, 20),
    (1, 2)(7, 8),
    (1, 6)(2, 4)(3, 5)(7, 12)(8, 10)(9, 11)(13, 14)(17, 18),
    (16, 19)(17, 18),
    (15, 20)(17, 18),
    (1, 3)(7, 9),
    (16, 17)(18, 19),
    (5, 6)(11, 12),
    (4, 6)(10, 12)
}

Klasse 25
Vertreter (Generatormatrix):
[1 0 0 0 0 0 0 1 1 1 0 1 0 1 0 0 0 0 0 0]
[0 1 0 0 0 0 0 1 0 0 0 0 1 1 0 0 1 1 0 0]
[0 0 1 0 0 0 0 0 1 0 0 0 1 1 0 0 1 1 0 0]
[0 0 0 1 0 0 0 0 0 1 0 0 1 1 0 0 1 1 0 0]
[0 0 0 0 1 0 0 0 0 0 0 1 0 1 0 0 0 1 1 1]
[0 0 0 0 0 1 0 0 0 0 0 1 0 1 0 0 1 0 1 1]
[0 0 0 0 0 0 1 1 1 1 0 1 1 0 0 0 1 1 0 0]
[0 0 0 0 0 0 0 0 0 0 1 1 1 1 0 0 0 0 0 0]
[0 0 0 0 0 0 0 0 0 0 0 0 0 0 1 0 1 1 0 1]
[0 0 0 0 0 0 0 0 0 0 0 0 0 0 0 1 1 1 1 0]
Stabilisator in S_6 x S_14:
Permutation group acting on a set of cardinality 20
Order = 4608 = 2^9 * 3^2
    (15, 16)(19, 20)
    (15, 19)(16, 20)
    (15, 20)(17, 18)
    (16, 17)(18, 19)
    (2, 3)(8, 9)
    (3, 4)(9, 10)
    (1, 4)(7, 10)
    (5, 6)(15, 20)
    (11, 13)(12, 14)
    (11, 12)(13, 14)
Ordnung des Stabilisators: 4608
Abstrakter Gruppentyp: C2^3*S4^2
Erzeuger des Stabilisators:
{
    (11, 12)(13, 14),
    (16, 17)(18, 19),
    (3, 4)(9, 10),
    (15, 16)(19, 20),
    (15, 20)(17, 18),
    (5, 6)(15, 20),
    (1, 4)(7, 10),
    (15, 19)(16, 20),
    (11, 13)(12, 14),
    (2, 3)(8, 9)
}

Klasse 26
Vertreter (Generatormatrix):
[1 0 0 0 0 0 0 1 0 0 1 1 0 0 0 0 1 0 1 0]
[0 1 0 0 0 0 0 1 0 0 0 0 0 1 1 0 0 1 1 0]
[0 0 1 0 0 0 0 0 0 1 1 1 0 1 1 0 0 0 0 0]
[0 0 0 1 0 0 0 0 0 1 0 0 0 1 0 0 1 0 1 1]
[0 0 0 0 1 0 0 0 0 0 1 0 0 0 1 0 1 1 0 1]
[0 0 0 0 0 1 0 0 0 0 0 1 0 0 1 0 1 1 0 1]
[0 0 0 0 0 0 1 1 0 0 1 1 0 1 1 0 1 1 0 0]
[0 0 0 0 0 0 0 0 1 1 1 1 0 0 1 0 1 0 1 1]
[0 0 0 0 0 0 0 0 0 0 0 0 1 1 1 0 0 0 0 1]
[0 0 0 0 0 0 0 0 0 0 0 0 0 0 0 1 1 1 1 0]
Stabilisator in S_6 x S_14:
Permutation group acting on a set of cardinality 20
Order = 768 = 2^8 * 3
    (13, 20)(14, 15)
    (13, 14)(15, 20)
    (16, 19)(17, 18)
    (16, 17)(18, 19)
    (1, 2)(7, 8)
    (3, 4)(9, 10)
    (1, 4)(2, 3)(7, 10)(8, 9)(13, 16)(14, 19)(15, 17)(18, 20)
    (5, 6)(11, 12)
    (3, 6)(4, 5)(9, 12)(10, 11)(13, 16)(14, 18)(15, 19)(17, 20)
Ordnung des Stabilisators: 768
Abstrakter Gruppentyp: C2^6.D6
SmallGroup-Kennung: <768, 1090235>
Erzeuger des Stabilisators:
{
    (13, 20)(14, 15),
    (13, 14)(15, 20),
    (16, 19)(17, 18),
    (16, 17)(18, 19),
    (3, 4)(9, 10),
    (1, 4)(2, 3)(7, 10)(8, 9)(13, 16)(14, 19)(15, 17)(18, 20),
    (5, 6)(11, 12),
    (1, 2)(7, 8),
    (3, 6)(4, 5)(9, 12)(10, 11)(13, 16)(14, 18)(15, 19)(17, 20)
}

Klasse 27
Vertreter (Generatormatrix):
[1 0 0 1 0 1 0 0 0 0 0 0 0 0 0 0 0 1 1 1]
[0 1 0 1 0 1 0 0 0 0 1 1 1 0 0 0 0 0 0 0]
[0 0 1 1 0 0 0 0 0 0 1 1 1 0 0 0 0 1 1 1]
[0 0 0 0 1 1 0 0 0 0 1 1 1 0 0 0 0 1 1 1]
[0 0 0 0 0 0 1 0 0 1 0 1 1 0 0 0 0 0 0 0]
[0 0 0 0 0 0 0 1 0 1 1 0 1 0 0 0 0 0 0 0]
[0 0 0 0 0 0 0 0 1 1 1 1 0 0 0 0 0 0 0 0]
[0 0 0 0 0 0 0 0 0 0 0 0 0 1 0 0 1 0 1 1]
[0 0 0 0 0 0 0 0 0 0 0 0 0 0 1 0 1 1 0 1]
[0 0 0 0 0 0 0 0 0 0 0 0 0 0 0 1 1 1 1 0]
Stabilisator in S_6 x S_14:
Permutation group acting on a set of cardinality 20
Order = 1354752 = 2^10 * 3^3 * 7^2
    (16, 17)(18, 19)
    (16, 19)(17, 18)
    (14, 15)(16, 17)
    (14, 19)(15, 18)
    (14, 20)(16, 18)
    (9, 10)(11, 12)
    (9, 12)(10, 11)
    (7, 13)(9, 11)
    (7, 10)(12, 13)
    (8, 13)(10, 11)
    (1, 2)(7, 15)(8, 20)(9, 17)(10, 18)(11, 16)(12, 19)(13, 14)
    (5, 6)(7, 15)(8, 20)(9, 17)(10, 18)(11, 16)(12, 19)(13, 14)
    (1, 6)(2, 5)
    (3, 4)(7, 15)(8, 20)(9, 17)(10, 18)(11, 16)(12, 19)(13, 14)
    (3, 6)(4, 5)
Ordnung des Stabilisators: 1354752
Abstrakter Gruppentyp: S4.PSL(2,7)^2.C2
Erzeuger des Stabilisators:
{
    (1, 2)(7, 15)(8, 20)(9, 17)(10, 18)(11, 16)(12, 19)(13, 14),
    (1, 6)(2, 5),
    (16, 19)(17, 18),
    (5, 6)(7, 15)(8, 20)(9, 17)(10, 18)(11, 16)(12, 19)(13, 14),
    (16, 17)(18, 19),
    (3, 4)(7, 15)(8, 20)(9, 17)(10, 18)(11, 16)(12, 19)(13, 14),
    (14, 15)(16, 17),
    (9, 12)(10, 11),
    (7, 10)(12, 13),
    (7, 13)(9, 11),
    (9, 10)(11, 12),
    (14, 19)(15, 18),
    (14, 20)(16, 18),
    (3, 6)(4, 5),
    (8, 13)(10, 11)
}

Klasse 28
Vertreter (Generatormatrix):
[1 0 0 1 0 1 0 1 0 1 0 1 0 1 0 0 0 1 1 1]
[0 1 0 1 0 1 0 1 0 1 0 1 0 1 0 0 1 0 1 1]
[0 0 1 1 0 0 0 0 0 0 0 0 0 0 0 0 1 1 0 0]
[0 0 0 0 1 1 0 0 0 0 0 0 0 0 0 0 1 1 0 0]
[0 0 0 0 0 0 1 1 0 0 0 0 0 0 0 0 1 1 0 0]
[0 0 0 0 0 0 0 0 1 1 0 0 0 0 0 0 1 1 0 0]
[0 0 0 0 0 0 0 0 0 0 1 1 0 0 0 0 1 1 0 0]
[0 0 0 0 0 0 0 0 0 0 0 0 1 1 0 0 1 1 0 0]
[0 0 0 0 0 0 0 0 0 0 0 0 0 0 1 0 1 1 0 1]
[0 0 0 0 0 0 0 0 0 0 0 0 0 0 0 1 1 1 1 0]
Stabilisator in S_6 x S_14:
Permutation group acting on a set of cardinality 20
Order = 15482880 = 2^14 * 3^3 * 5 * 7
    (7, 8)(13, 14)
    (7, 14)(8, 13)
    (7, 8)(15, 20)
    (13, 20)(14, 15)
    (7, 8)(16, 19)
    (15, 16)(19, 20)
    (7, 8)(9, 10)
    (9, 16)(10, 19)
    (7, 8)(11, 12)
    (9, 11)(10, 12)
    (7, 8)(17, 18)
    (11, 18)(12, 17)
    (1, 2)(7, 8)
    (3, 4)(7, 8)
    (1, 4)(2, 3)
    (5, 6)(7, 8)
    (3, 6)(4, 5)
Ordnung des Stabilisators: 15482880
Abstrakter Gruppentyp: S4.C2^6.C2.A7.C2
Erzeuger des Stabilisators:
{
    (7, 8)(13, 14),
    (7, 8)(9, 10),
    (7, 8)(16, 19),
    (9, 16)(10, 19),
    (7, 8)(15, 20),
    (5, 6)(7, 8),
    (13, 20)(14, 15),
    (7, 8)(17, 18),
    (3, 6)(4, 5),
    (7, 8)(11, 12),
    (1, 2)(7, 8),
    (9, 11)(10, 12),
    (1, 4)(2, 3),
    (11, 18)(12, 17),
    (15, 16)(19, 20),
    (3, 4)(7, 8),
    (7, 14)(8, 13)
}

Klasse 29
Vertreter (Generatormatrix):
[1 0 0 1 0 0 0 0 0 0 1 1 0 1 0 0 0 1 1 1]
[0 1 0 1 0 0 0 0 0 0 0 0 0 0 0 0 1 1 0 0]
[0 0 1 1 0 0 0 0 0 0 1 1 0 1 0 0 1 0 1 1]
[0 0 0 0 1 0 0 1 0 1 1 0 0 0 0 0 1 1 0 0]
[0 0 0 0 0 1 0 1 0 1 0 1 0 0 0 0 1 1 0 0]
[0 0 0 0 0 0 1 1 0 0 1 1 0 0 0 0 0 0 0 0]
[0 0 0 0 0 0 0 0 1 1 1 1 0 0 0 0 0 0 0 0]
[0 0 0 0 0 0 0 0 0 0 0 0 1 1 0 0 1 1 0 0]
[0 0 0 0 0 0 0 0 0 0 0 0 0 0 1 0 1 1 0 1]
[0 0 0 0 0 0 0 0 0 0 0 0 0 0 0 1 1 1 1 0]
Stabilisator in S_6 x S_14:
Permutation group acting on a set of cardinality 20
Order = 73728 = 2^13 * 3^2
    (13, 14)(17, 18)
    (13, 18)(14, 17)
    (13, 14)(16, 19)
    (16, 17)(18, 19)
    (13, 14)(15, 20)
    (15, 16)(19, 20)
    (7, 12)(8, 11)
    (7, 8)(11, 12)
    (9, 10)(11, 12)
    (7, 9)(8, 10)
    (1, 3)(13, 14)
    (2, 4)(13, 14)
    (1, 2)(3, 4)
    (5, 6)(11, 12)
Ordnung des Stabilisators: 73728
Abstrakter Gruppentyp: C2*C2^3.(D4*S4)*S4
Erzeuger des Stabilisators:
{
    (7, 9)(8, 10),
    (1, 3)(13, 14),
    (7, 12)(8, 11),
    (16, 17)(18, 19),
    (13, 18)(14, 17),
    (13, 14)(16, 19),
    (7, 8)(11, 12),
    (13, 14)(15, 20),
    (13, 14)(17, 18),
    (1, 2)(3, 4),
    (5, 6)(11, 12),
    (9, 10)(11, 12),
    (15, 16)(19, 20),
    (2, 4)(13, 14)
}

Klasse 30
Vertreter (Generatormatrix):
[1 0 0 1 0 1 0 1 0 0 1 1 0 1 0 0 0 1 1 1]
[0 1 0 1 0 1 0 1 0 0 0 0 0 0 0 0 1 1 0 0]
[0 0 1 1 0 0 0 0 0 0 1 1 0 1 0 0 1 0 1 1]
[0 0 0 0 1 1 0 0 0 0 1 1 0 1 0 0 1 0 1 1]
[0 0 0 0 0 0 1 1 0 0 1 1 0 1 0 0 1 0 1 1]
[0 0 0 0 0 0 0 0 1 0 1 0 0 0 0 0 1 1 0 0]
[0 0 0 0 0 0 0 0 0 1 0 1 0 0 0 0 1 1 0 0]
[0 0 0 0 0 0 0 0 0 0 0 0 1 1 0 0 1 1 0 0]
[0 0 0 0 0 0 0 0 0 0 0 0 0 0 1 0 1 1 0 1]
[0 0 0 0 0 0 0 0 0 0 0 0 0 0 0 1 1 1 1 0]
Stabilisator in S_6 x S_14:
Permutation group acting on a set of cardinality 20
Order = 1105920 = 2^13 * 3^3 * 5
    (13, 16)(14, 19)
    (13, 14)(16, 19)
    (9, 11)(16, 19)
    (9, 14)(11, 13)
    (16, 19)(17, 18)
    (9, 18)(11, 17)
    (15, 20)(16, 19)
    (15, 17)(18, 20)
    (10, 12)(16, 19)
    (10, 20)(12, 15)
    (1, 3)(2, 4)
    (1, 2)(3, 4)
    (3, 4)(5, 6)
    (1, 5)(2, 6)
    (3, 4)(7, 8)
Ordnung des Stabilisators: 1105920
Abstrakter Gruppentyp: C2*C2^5.A6.C2*S4
Erzeuger des Stabilisators:
{
    (15, 20)(16, 19),
    (15, 17)(18, 20),
    (3, 4)(7, 8),
    (1, 3)(2, 4),
    (9, 11)(16, 19),
    (3, 4)(5, 6),
    (16, 19)(17, 18),
    (10, 20)(12, 15),
    (10, 12)(16, 19),
    (13, 14)(16, 19),
    (13, 16)(14, 19),
    (1, 5)(2, 6),
    (1, 2)(3, 4),
    (9, 18)(11, 17),
    (9, 14)(11, 13)
}

Klasse 31
Vertreter (Generatormatrix):
[1 0 0 1 0 0 0 0 0 0 1 1 1 0 0 0 1 0 1 1]
[0 1 0 1 0 0 0 0 0 0 0 1 0 1 0 0 0 0 0 0]
[0 0 1 1 0 0 0 0 0 0 1 0 1 1 0 0 1 0 1 1]
[0 0 0 0 1 0 0 0 0 0 1 0 1 0 0 0 0 1 1 1]
[0 0 0 0 0 1 0 0 0 0 0 1 0 1 0 0 1 0 1 1]
[0 0 0 0 0 0 1 0 0 1 1 1 0 1 0 0 0 1 1 1]
[0 0 0 0 0 0 0 1 0 1 0 1 1 1 0 0 0 1 1 1]
[0 0 0 0 0 0 0 0 1 1 1 0 1 0 0 0 0 0 0 0]
[0 0 0 0 0 0 0 0 0 0 0 0 0 0 1 0 1 1 0 1]
[0 0 0 0 0 0 0 0 0 0 0 0 0 0 0 1 1 1 1 0]
Stabilisator in S_6 x S_14:
Permutation group acting on a set of cardinality 20
Order = 9216 = 2^10 * 3^2
    (9, 11)(10, 13)
    (9, 10)(11, 13)
    (7, 8)(11, 13)
    (7, 9)(8, 10)
    (15, 20)(17, 18)
    (15, 17)(18, 20)
    (16, 19)(17, 18)
    (15, 16)(19, 20)
    (1, 3)(12, 14)
    (2, 4)(12, 14)
    (1, 4)(2, 3)
    (5, 6)(7, 19)(8, 16)(9, 20)(10, 15)(11, 17)(12, 14)(13, 18)
Ordnung des Stabilisators: 9216
Abstrakter Gruppentyp: A4^2.D4*D4
Erzeuger des Stabilisators:
{
    (7, 9)(8, 10),
    (15, 17)(18, 20),
    (7, 8)(11, 13),
    (16, 19)(17, 18),
    (15, 20)(17, 18),
    (9, 10)(11, 13),
    (2, 4)(12, 14),
    (1, 3)(12, 14),
    (1, 4)(2, 3),
    (5, 6)(7, 19)(8, 16)(9, 20)(10, 15)(11, 17)(12, 14)(13, 18),
    (9, 11)(10, 13),
    (15, 16)(19, 20)
}

Klasse 32
Vertreter (Generatormatrix):
[1 0 0 0 0 0 0 0 0 0 1 1 1 0 0 0 1 1 0 0]
[0 1 0 0 0 0 0 0 0 0 0 1 0 1 0 0 0 1 1 1]
[0 0 1 0 0 0 0 1 0 1 1 1 0 1 0 0 0 0 0 0]
[0 0 0 1 0 0 0 1 0 1 0 1 1 1 0 0 0 0 0 0]
[0 0 0 0 1 0 0 0 0 0 1 0 1 1 0 0 1 1 0 0]
[0 0 0 0 0 1 0 0 0 0 0 1 0 1 0 0 1 0 1 1]
[0 0 0 0 0 0 1 1 0 0 1 0 1 0 0 0 0 0 0 0]
[0 0 0 0 0 0 0 0 1 1 1 0 1 0 0 0 0 0 0 0]
[0 0 0 0 0 0 0 0 0 0 0 0 0 0 1 0 1 1 0 1]
[0 0 0 0 0 0 0 0 0 0 0 0 0 0 0 1 1 1 1 0]
Stabilisator in S_6 x S_14:
Permutation group acting on a set of cardinality 20
Order = 9216 = 2^10 * 3^2
    (15, 16)(19, 20)
    (15, 20)(16, 19)
    (16, 19)(17, 18)
    (15, 18)(17, 20)
    (9, 13)(10, 11)
    (9, 10)(11, 13)
    (7, 8)(11, 13)
    (7, 9)(8, 10)
    (3, 4)(11, 13)
    (2, 6)(16, 19)
    (2, 4)(3, 6)(7, 17)(8, 18)(9, 20)(10, 15)(11, 19)(13, 16)
    (1, 5)(12, 14)
Ordnung des Stabilisators: 9216
Abstrakter Gruppentyp: C2*C2^4.D6wrC2
Erzeuger des Stabilisators:
{
    (7, 9)(8, 10),
    (15, 20)(16, 19),
    (7, 8)(11, 13),
    (3, 4)(11, 13),
    (15, 18)(17, 20),
    (16, 19)(17, 18),
    (9, 10)(11, 13),
    (2, 4)(3, 6)(7, 17)(8, 18)(9, 20)(10, 15)(11, 19)(13, 16),
    (1, 5)(12, 14),
    (9, 13)(10, 11),
    (15, 16)(19, 20),
    (2, 6)(16, 19)
}

Klasse 33
Vertreter (Generatormatrix):
[1 0 0 0 0 0 0 0 0 0 1 0 0 1 0 0 0 1 1 1]
[0 1 0 0 0 0 0 0 0 0 0 1 0 1 1 0 1 1 0 0]
[0 0 1 0 0 0 0 1 0 1 1 0 0 0 0 0 1 1 0 0]
[0 0 0 1 0 0 0 1 0 1 0 1 0 1 0 0 0 0 0 1]
[0 0 0 0 1 0 0 0 0 0 1 0 0 1 0 0 1 0 1 1]
[0 0 0 0 0 1 0 0 0 0 0 1 0 0 1 0 1 1 0 1]
[0 0 0 0 0 0 1 1 0 0 1 1 0 1 0 0 1 1 0 1]
[0 0 0 0 0 0 0 0 1 1 1 1 0 1 0 0 1 1 0 1]
[0 0 0 0 0 0 0 0 0 0 0 0 1 1 1 0 0 0 0 1]
[0 0 0 0 0 0 0 0 0 0 0 0 0 0 0 1 1 1 1 0]
Stabilisator in S_6 x S_14:
Permutation group G1 acting on a set of cardinality 20
Order = 3072 = 2^10 * 3
    (13, 14)(15, 20)
    (13, 15)(14, 20)
    (7, 10)(8, 9)
    (7, 8)(9, 10)
    (16, 17)(18, 19)
    (16, 19)(17, 18)
    (2, 6)(14, 20)
    (1, 5)(17, 18)
    (3, 4)(9, 10)
    (1, 6, 4)(2, 3, 5)(7, 19, 15)(8, 16, 13)(9, 17, 20)(10, 18, 14)
    (1, 6)(2, 5)(9, 10)(11, 12)(13, 16)(14, 17)(15, 19)(18, 20)
Ordnung des Stabilisators: 3072
Abstrakter Gruppentyp: C2^5.A4.C2^3
Erzeuger des Stabilisators:
{
    (1, 5)(17, 18),
    (7, 8)(9, 10),
    (1, 6, 4)(2, 3, 5)(7, 19, 15)(8, 16, 13)(9, 17, 20)(10, 18, 14),
    (13, 14)(15, 20),
    (7, 10)(8, 9),
    (16, 19)(17, 18),
    (2, 6)(14, 20),
    (16, 17)(18, 19),
    (13, 15)(14, 20),
    (1, 6)(2, 5)(9, 10)(11, 12)(13, 16)(14, 17)(15, 19)(18, 20),
    (3, 4)(9, 10)
}

Haeufigkeiten der Stabilisatortypen nach SmallGroup-Kennung:
--------------------------------------------------
SmallGroup-Kennung: <1728, 47847>
Abstrakter Gruppentyp: C6^2.(S3*D4)
Ordnung: 1728
Haeufigkeit: 1
Vertreter des Stabilisator-Isomorphietyps (Stabilisator von Klasse 24):
Permutation group S acting on a set of cardinality 20
Order = 1728 = 2^6 * 3^3
    (16, 17)(18, 19)
    (16, 19)(17, 18)
    (15, 20)(17, 18)
    (15, 16)(19, 20)
    (1, 3)(7, 9)
    (1, 2)(7, 8)
    (5, 6)(11, 12)
    (4, 6)(10, 12)
    (1, 6)(2, 4)(3, 5)(7, 12)(8, 10)(9, 11)(13, 14)(17, 18)
Erzeuger dieses Stabilisatorvertreters:
{
    (15, 16)(19, 20),
    (1, 2)(7, 8),
    (1, 6)(2, 4)(3, 5)(7, 12)(8, 10)(9, 11)(13, 14)(17, 18),
    (16, 19)(17, 18),
    (15, 20)(17, 18),
    (1, 3)(7, 9),
    (16, 17)(18, 19),
    (5, 6)(11, 12),
    (4, 6)(10, 12)
}
--------------------------------------------------
SmallGroup-Kennung: <768, 1090235>
Abstrakter Gruppentyp: C2^6.D6
Ordnung: 768
Haeufigkeit: 1
Vertreter des Stabilisator-Isomorphietyps (Stabilisator von Klasse 26):
Permutation group S acting on a set of cardinality 20
Order = 768 = 2^8 * 3
    (13, 20)(14, 15)
    (13, 14)(15, 20)
    (16, 19)(17, 18)
    (16, 17)(18, 19)
    (1, 2)(7, 8)
    (3, 4)(9, 10)
    (1, 4)(2, 3)(7, 10)(8, 9)(13, 16)(14, 19)(15, 17)(18, 20)
    (5, 6)(11, 12)
    (3, 6)(4, 5)(9, 12)(10, 11)(13, 16)(14, 18)(15, 19)(17, 20)
Erzeuger dieses Stabilisatorvertreters:
{
    (13, 20)(14, 15),
    (13, 14)(15, 20),
    (16, 19)(17, 18),
    (16, 17)(18, 19),
    (3, 4)(9, 10),
    (1, 4)(2, 3)(7, 10)(8, 9)(13, 16)(14, 19)(15, 17)(18, 20),
    (5, 6)(11, 12),
    (1, 2)(7, 8),
    (3, 6)(4, 5)(9, 12)(10, 11)(13, 16)(14, 18)(15, 19)(17, 20)
}
--------------------------------------------------
Nicht durch die SmallGroups-Datenbank identifizierbare Stabilisatoren:
Klasse 1: Ordnung 967680, GroupName C2^3.PSL(2,7)*S6
Klasse 2: Ordnung 258048, GroupName C2*C2^3.PSL(2,7)*C2^2:S4
Klasse 3: Ordnung 967680, GroupName C2^3.PSL(2,7)*S6
Klasse 4: Ordnung 24192, GroupName PSL(2,7)*S4*S3
Klasse 5: Ordnung 20160, GroupName PSL(2,7)*S5
Klasse 6: Ordnung 92160, GroupName C2wrS5*S4
Klasse 7: Ordnung 9216, GroupName C2*C2^3:S4*S4
Klasse 8: Ordnung 138240, GroupName C2^3:S4*S6
Klasse 9: Ordnung 1548288, GroupName C2^3.PSL(2,7)*A4^2.C2^3
Klasse 10: Ordnung 32256, GroupName PSL(2,7)*D4*S4
Klasse 11: Ordnung 24192, GroupName PSL(2,7)*S4*S3
Klasse 12: Ordnung 32256, GroupName PSL(2,7)*D4*S4
Klasse 13: Ordnung 368640, GroupName C2*C2^7.C2.A6.C2
Klasse 14: Ordnung 9216, GroupName C2^3:S4.C2*S4
Klasse 15: Ordnung 368640, GroupName C2wrS5*C2^2:S4
Klasse 16: Ordnung 12288, GroupName C2^3:A4.C2^4.C2^3
Klasse 17: Ordnung 46080, GroupName C2^4.S5*S4
Klasse 18: Ordnung 9216, GroupName C2*C2^3:S4*S4
Klasse 19: Ordnung 92160, GroupName C2wrS5*S4
Klasse 20: Ordnung 9216, GroupName C2*C2^4.D6wrC2
Klasse 21: Ordnung 1152, GroupName S4*D4*S3
Klasse 22: Ordnung 27648, GroupName A4^2.(D4*S4)
Klasse 23: Ordnung 1152, GroupName C2^2.D6^2.C2
Klasse 25: Ordnung 4608, GroupName C2^3*S4^2
Klasse 27: Ordnung 1354752, GroupName S4.PSL(2,7)^2.C2
Klasse 28: Ordnung 15482880, GroupName S4.C2^6.C2.A7.C2
Klasse 29: Ordnung 73728, GroupName C2*C2^3.(D4*S4)*S4
Klasse 30: Ordnung 1105920, GroupName C2*C2^5.A6.C2*S4
Klasse 31: Ordnung 9216, GroupName A4^2.D4*D4
Klasse 32: Ordnung 9216, GroupName C2*C2^4.D6wrC2
Klasse 33: Ordnung 3072, GroupName C2^5.A4.C2^3

Isomorphie-Sicherheitscheck:
Keine doppelten Klassen gefunden.

Massformel-Kontrolle:
Anzahl t_(6,14) aller gelabelten Codes: 326409519150
Erwartete Masse t_(N1,N2)/(N1!*N2!): 187867/36126720
Berechnete Masse Summe 1/|Aut(C)|: 187867/36126720
Massformel erfuellt: Die Klassenliste ist vollstaendig.
