Aktuelle Klasse 1 | Gefundene Klassen 5
Aktuelle Klasse 2 | Gefundene Klassen 15
Aktuelle Klasse 3 | Gefundene Klassen 18
Aktuelle Klasse 4 | Gefundene Klassen 18
Aktuelle Klasse 5 | Gefundene Klassen 18
Aktuelle Klasse 6 | Gefundene Klassen 30
Aktuelle Klasse 7 | Gefundene Klassen 37
Aktuelle Klasse 8 | Gefundene Klassen 38
Aktuelle Klasse 9 | Gefundene Klassen 40
Aktuelle Klasse 10 | Gefundene Klassen 40
Aktuelle Klasse 11 | Gefundene Klassen 40
Aktuelle Klasse 12 | Gefundene Klassen 40
Aktuelle Klasse 13 | Gefundene Klassen 40
Aktuelle Klasse 14 | Gefundene Klassen 40
Aktuelle Klasse 15 | Gefundene Klassen 40
Aktuelle Klasse 16 | Gefundene Klassen 40
Aktuelle Klasse 17 | Gefundene Klassen 40
Aktuelle Klasse 18 | Gefundene Klassen 40
Aktuelle Klasse 19 | Gefundene Klassen 47
Aktuelle Klasse 20 | Gefundene Klassen 52
Aktuelle Klasse 21 | Gefundene Klassen 54
Aktuelle Klasse 22 | Gefundene Klassen 54
Aktuelle Klasse 23 | Gefundene Klassen 54
Aktuelle Klasse 24 | Gefundene Klassen 54
Aktuelle Klasse 25 | Gefundene Klassen 54
Aktuelle Klasse 26 | Gefundene Klassen 54
Aktuelle Klasse 27 | Gefundene Klassen 54
Aktuelle Klasse 28 | Gefundene Klassen 54
Aktuelle Klasse 29 | Gefundene Klassen 54
Aktuelle Klasse 30 | Gefundene Klassen 54
Aktuelle Klasse 31 | Gefundene Klassen 54
Aktuelle Klasse 32 | Gefundene Klassen 54
Aktuelle Klasse 33 | Gefundene Klassen 54
Aktuelle Klasse 34 | Gefundene Klassen 54
Aktuelle Klasse 35 | Gefundene Klassen 54
Aktuelle Klasse 36 | Gefundene Klassen 54
Aktuelle Klasse 37 | Gefundene Klassen 54
Aktuelle Klasse 38 | Gefundene Klassen 54
Aktuelle Klasse 39 | Gefundene Klassen 54
Aktuelle Klasse 40 | Gefundene Klassen 54
Aktuelle Klasse 41 | Gefundene Klassen 56
Aktuelle Klasse 42 | Gefundene Klassen 56
Aktuelle Klasse 43 | Gefundene Klassen 56
Aktuelle Klasse 44 | Gefundene Klassen 56
Aktuelle Klasse 45 | Gefundene Klassen 56
Aktuelle Klasse 46 | Gefundene Klassen 56
Aktuelle Klasse 47 | Gefundene Klassen 56
Aktuelle Klasse 48 | Gefundene Klassen 56
Aktuelle Klasse 49 | Gefundene Klassen 56
Aktuelle Klasse 50 | Gefundene Klassen 56
Aktuelle Klasse 51 | Gefundene Klassen 56
Aktuelle Klasse 52 | Gefundene Klassen 56
Aktuelle Klasse 53 | Gefundene Klassen 56
Aktuelle Klasse 54 | Gefundene Klassen 56
Aktuelle Klasse 55 | Gefundene Klassen 56
Aktuelle Klasse 56 | Gefundene Klassen 56
==================================================
Laenge: (10,10)
Anzahl der Aequivalenzklassen: 56
==================================================

Klasse 1
Vertreter (Generatormatrix):
[1 0 0 0 0 0 0 0 0 0 1 0 0 0 0 0 0 0 0 0]
[0 1 0 0 0 0 0 0 0 0 0 1 0 0 0 0 0 0 0 0]
[0 0 1 0 0 0 0 0 0 0 0 0 1 0 0 0 0 0 0 0]
[0 0 0 1 0 0 0 0 0 0 0 0 0 1 0 0 0 0 0 0]
[0 0 0 0 1 0 0 0 0 0 0 0 0 0 1 0 0 0 0 0]
[0 0 0 0 0 1 0 0 0 0 0 0 0 0 0 1 0 0 0 0]
[0 0 0 0 0 0 1 0 0 0 0 0 0 0 0 0 1 0 0 0]
[0 0 0 0 0 0 0 1 0 0 0 0 0 0 0 0 0 1 0 0]
[0 0 0 0 0 0 0 0 1 0 0 0 0 0 0 0 0 0 1 0]
[0 0 0 0 0 0 0 0 0 1 0 0 0 0 0 0 0 0 0 1]
Stabilisator in S_10 x S_10:
Permutation group acting on a set of cardinality 20
Order = 3628800 = 2^8 * 3^4 * 5^2 * 7
    (1, 2)(11, 12)
    (2, 3)(12, 13)
    (3, 4)(13, 14)
    (4, 5)(14, 15)
    (5, 6)(15, 16)
    (6, 7)(16, 17)
    (7, 8)(17, 18)
    (8, 9)(18, 19)
    (9, 10)(19, 20)
Ordnung des Stabilisators: 3628800
Abstrakter Gruppentyp: S10
Erzeuger des Stabilisators:
{
    (2, 3)(12, 13),
    (3, 4)(13, 14),
    (1, 2)(11, 12),
    (8, 9)(18, 19),
    (6, 7)(16, 17),
    (5, 6)(15, 16),
    (7, 8)(17, 18),
    (9, 10)(19, 20),
    (4, 5)(14, 15)
}

Klasse 2
Vertreter (Generatormatrix):
[1 0 0 1 0 0 0 0 0 0 0 1 1 0 0 0 0 0 0 0]
[0 1 0 1 0 0 0 0 0 0 0 1 0 1 0 0 0 0 0 0]
[0 0 1 1 0 0 0 0 0 0 0 0 1 1 0 0 0 0 0 0]
[0 0 0 0 1 0 0 0 0 0 0 0 0 0 1 0 0 0 0 0]
[0 0 0 0 0 1 0 0 0 0 0 0 0 0 0 1 0 0 0 0]
[0 0 0 0 0 0 1 0 0 0 0 0 0 0 0 0 1 0 0 0]
[0 0 0 0 0 0 0 1 0 0 0 0 0 0 0 0 0 1 0 0]
[0 0 0 0 0 0 0 0 1 0 0 0 0 0 0 0 0 0 1 0]
[0 0 0 0 0 0 0 0 0 1 0 0 0 0 0 0 0 0 0 1]
[0 0 0 0 0 0 0 0 0 0 1 1 1 1 0 0 0 0 0 0]
Stabilisator in S_10 x S_10:
Permutation group acting on a set of cardinality 20
Order = 69120 = 2^9 * 3^3 * 5
    (5, 6)(15, 16)
    (5, 7)(15, 17)
    (7, 8)(17, 18)
    (8, 9)(18, 19)
    (9, 10)(19, 20)
    (1, 2)(3, 4)
    (1, 4)(2, 3)
    (2, 3)(12, 13)
    (1, 2)(13, 14)
    (2, 3)(11, 14)
Ordnung des Stabilisators: 69120
Abstrakter Gruppentyp: S6*C2^2:S4
Erzeuger des Stabilisators:
{
    (2, 3)(12, 13),
    (1, 2)(3, 4),
    (5, 7)(15, 17),
    (8, 9)(18, 19),
    (1, 4)(2, 3),
    (5, 6)(15, 16),
    (7, 8)(17, 18),
    (9, 10)(19, 20),
    (1, 2)(13, 14),
    (2, 3)(11, 14)
}

Klasse 3
Vertreter (Generatormatrix):
[1 0 0 0 0 0 0 0 0 0 0 1 1 1 1 1 0 0 0 0]
[0 1 0 0 0 0 0 0 0 0 1 0 1 1 1 1 0 0 0 0]
[0 0 1 0 0 0 0 0 0 0 1 1 0 1 1 1 0 0 0 0]
[0 0 0 1 0 0 0 0 0 0 1 1 1 0 1 1 0 0 0 0]
[0 0 0 0 1 0 0 0 0 0 1 1 1 1 0 1 0 0 0 0]
[0 0 0 0 0 1 0 0 0 0 1 1 1 1 1 0 0 0 0 0]
[0 0 0 0 0 0 1 0 0 0 0 0 0 0 0 0 1 0 0 0]
[0 0 0 0 0 0 0 1 0 0 0 0 0 0 0 0 0 1 0 0]
[0 0 0 0 0 0 0 0 1 0 0 0 0 0 0 0 0 0 1 0]
[0 0 0 0 0 0 0 0 0 1 0 0 0 0 0 0 0 0 0 1]
Stabilisator in S_10 x S_10:
Permutation group acting on a set of cardinality 20
Order = 17280 = 2^7 * 3^3 * 5
    (2, 3)(12, 13)
    (3, 4)(13, 14)
    (4, 5)(14, 15)
    (5, 6)(15, 16)
    (1, 6)(11, 16)
    (7, 8)(17, 18)
    (8, 9)(18, 19)
    (9, 10)(19, 20)
Ordnung des Stabilisators: 17280
Abstrakter Gruppentyp: S6*S4
Erzeuger des Stabilisators:
{
    (2, 3)(12, 13),
    (3, 4)(13, 14),
    (1, 6)(11, 16),
    (8, 9)(18, 19),
    (5, 6)(15, 16),
    (7, 8)(17, 18),
    (9, 10)(19, 20),
    (4, 5)(14, 15)
}

Klasse 4
Vertreter (Generatormatrix):
[1 0 0 0 0 0 0 1 0 0 0 1 1 1 1 1 1 0 0 0]
[0 1 0 0 0 0 0 1 0 0 0 1 0 0 0 0 0 1 0 0]
[0 0 1 0 0 0 0 1 0 0 0 0 1 0 0 0 0 1 0 0]
[0 0 0 1 0 0 0 1 0 0 0 0 0 1 0 0 0 1 0 0]
[0 0 0 0 1 0 0 1 0 0 0 0 0 0 1 0 0 1 0 0]
[0 0 0 0 0 1 0 1 0 0 0 0 0 0 0 1 0 1 0 0]
[0 0 0 0 0 0 1 1 0 0 0 0 0 0 0 0 1 1 0 0]
[0 0 0 0 0 0 0 0 1 0 0 0 0 0 0 0 0 0 1 0]
[0 0 0 0 0 0 0 0 0 1 0 0 0 0 0 0 0 0 0 1]
[0 0 0 0 0 0 0 0 0 0 1 1 1 1 1 1 1 1 0 0]
Stabilisator in S_10 x S_10:
Permutation group acting on a set of cardinality 20
Order = 80640 = 2^8 * 3^2 * 5 * 7
    (1, 2)(11, 12)
    (2, 4)(12, 14)
    (4, 5)(14, 15)
    (5, 6)(15, 16)
    (6, 7)(16, 17)
    (7, 8)(17, 18)
    (3, 8)(13, 18)
    (9, 10)(19, 20)
Ordnung des Stabilisators: 80640
Abstrakter Gruppentyp: C2*S8
Erzeuger des Stabilisators:
{
    (1, 2)(11, 12),
    (2, 4)(12, 14),
    (6, 7)(16, 17),
    (5, 6)(15, 16),
    (7, 8)(17, 18),
    (3, 8)(13, 18),
    (9, 10)(19, 20),
    (4, 5)(14, 15)
}

Klasse 5
Vertreter (Generatormatrix):
[1 0 0 0 0 0 0 0 0 0 0 1 1 1 1 1 1 1 1 1]
[0 1 0 0 0 0 0 0 0 0 1 0 1 1 1 1 1 1 1 1]
[0 0 1 0 0 0 0 0 0 0 1 1 0 1 1 1 1 1 1 1]
[0 0 0 1 0 0 0 0 0 0 1 1 1 0 1 1 1 1 1 1]
[0 0 0 0 1 0 0 0 0 0 1 1 1 1 0 1 1 1 1 1]
[0 0 0 0 0 1 0 0 0 0 1 1 1 1 1 0 1 1 1 1]
[0 0 0 0 0 0 1 0 0 0 1 1 1 1 1 1 0 1 1 1]
[0 0 0 0 0 0 0 1 0 0 1 1 1 1 1 1 1 0 1 1]
[0 0 0 0 0 0 0 0 1 0 1 1 1 1 1 1 1 1 0 1]
[0 0 0 0 0 0 0 0 0 1 1 1 1 1 1 1 1 1 1 0]
Stabilisator in S_10 x S_10:
Permutation group acting on a set of cardinality 20
Order = 3628800 = 2^8 * 3^4 * 5^2 * 7
    (1, 8)(11, 18)
    (1, 2)(11, 12)
    (2, 3)(12, 13)
    (3, 4)(13, 14)
    (4, 5)(14, 15)
    (5, 6)(15, 16)
    (6, 7)(16, 17)
    (7, 9)(17, 19)
    (9, 10)(19, 20)
Ordnung des Stabilisators: 3628800
Abstrakter Gruppentyp: S10
Erzeuger des Stabilisators:
{
    (1, 8)(11, 18),
    (2, 3)(12, 13),
    (3, 4)(13, 14),
    (1, 2)(11, 12),
    (7, 9)(17, 19),
    (6, 7)(16, 17),
    (5, 6)(15, 16),
    (9, 10)(19, 20),
    (4, 5)(14, 15)
}

Klasse 6
Vertreter (Generatormatrix):
[1 0 0 1 0 1 0 0 0 0 0 1 0 1 1 0 0 0 0 0]
[0 1 0 1 0 1 0 0 0 0 0 1 0 1 0 1 0 0 0 0]
[0 0 1 1 0 0 0 0 0 0 0 0 0 0 1 1 0 0 0 0]
[0 0 0 0 1 1 0 0 0 0 0 0 0 0 1 1 0 0 0 0]
[0 0 0 0 0 0 1 0 0 0 0 0 0 0 0 0 1 0 0 0]
[0 0 0 0 0 0 0 1 0 0 0 0 0 0 0 0 0 1 0 0]
[0 0 0 0 0 0 0 0 1 0 0 0 0 0 0 0 0 0 1 0]
[0 0 0 0 0 0 0 0 0 1 0 0 0 0 0 0 0 0 0 1]
[0 0 0 0 0 0 0 0 0 0 1 1 0 0 1 1 0 0 0 0]
[0 0 0 0 0 0 0 0 0 0 0 0 1 1 1 1 0 0 0 0]
Stabilisator in S_10 x S_10:
Permutation group acting on a set of cardinality 20
Order = 27648 = 2^10 * 3^3
    (1, 5)(2, 6)
    (1, 2)(5, 6)
    (3, 4)(5, 6)
    (1, 4)(2, 3)
    (5, 6)(13, 14)
    (5, 6)(15, 16)
    (13, 16)(14, 15)
    (5, 6)(11, 12)
    (11, 16)(12, 15)
    (7, 8)(17, 18)
    (8, 9)(18, 19)
    (9, 10)(19, 20)
Ordnung des Stabilisators: 27648
Abstrakter Gruppentyp: A4^2.C2^3*S4
Erzeuger des Stabilisators:
{
    (9, 10)(19, 20),
    (5, 6)(13, 14),
    (3, 4)(5, 6),
    (5, 6)(15, 16),
    (11, 16)(12, 15),
    (1, 5)(2, 6),
    (13, 16)(14, 15),
    (8, 9)(18, 19),
    (1, 2)(5, 6),
    (5, 6)(11, 12),
    (1, 4)(2, 3),
    (7, 8)(17, 18)
}

Klasse 7
Vertreter (Generatormatrix):
[1 0 0 0 0 0 1 0 0 0 0 0 0 0 1 1 0 0 0 0]
[0 1 0 0 0 0 0 0 0 0 0 0 1 1 1 1 1 0 0 0]
[0 0 1 0 0 0 0 0 0 0 0 1 0 1 1 1 1 0 0 0]
[0 0 0 1 0 0 0 0 0 0 0 1 1 0 1 1 1 0 0 0]
[0 0 0 0 1 0 1 0 0 0 0 0 0 0 1 0 1 0 0 0]
[0 0 0 0 0 1 1 0 0 0 0 0 0 0 0 1 1 0 0 0]
[0 0 0 0 0 0 0 1 0 0 0 0 0 0 0 0 0 1 0 0]
[0 0 0 0 0 0 0 0 1 0 0 0 0 0 0 0 0 0 1 0]
[0 0 0 0 0 0 0 0 0 1 0 0 0 0 0 0 0 0 0 1]
[0 0 0 0 0 0 0 0 0 0 1 1 1 1 0 0 0 0 0 0]
Stabilisator in S_10 x S_10:
Permutation group acting on a set of cardinality 20
Order = 3456 = 2^7 * 3^3
    (1, 6)(5, 7)
    (1, 5)(6, 7)
    (11, 13)(12, 14)
    (11, 12)(13, 14)
    (2, 4)(11, 13)
    (2, 3)(11, 14)
    (6, 7)(16, 17)
    (1, 6)(15, 17)
    (9, 10)(19, 20)
    (8, 10)(18, 20)
Ordnung des Stabilisators: 3456
Abstrakter Gruppentyp: S4^2*S3
Erzeuger des Stabilisators:
{
    (1, 5)(6, 7),
    (2, 4)(11, 13),
    (9, 10)(19, 20),
    (8, 10)(18, 20),
    (6, 7)(16, 17),
    (11, 12)(13, 14),
    (2, 3)(11, 14),
    (1, 6)(15, 17),
    (1, 6)(5, 7),
    (11, 13)(12, 14)
}

Klasse 8
Vertreter (Generatormatrix):
[1 0 0 1 0 0 0 0 0 0 0 1 1 0 0 0 0 0 0 0]
[0 1 0 1 0 0 0 0 0 0 0 1 0 1 0 0 0 0 0 0]
[0 0 1 1 0 0 0 0 0 0 0 0 1 1 0 0 0 0 0 0]
[0 0 0 0 1 0 0 1 0 0 0 0 0 0 0 1 1 0 0 0]
[0 0 0 0 0 1 0 1 0 0 0 0 0 0 0 1 0 1 0 0]
[0 0 0 0 0 0 1 1 0 0 0 0 0 0 0 0 1 1 0 0]
[0 0 0 0 0 0 0 0 1 0 0 0 0 0 0 0 0 0 1 0]
[0 0 0 0 0 0 0 0 0 1 0 0 0 0 0 0 0 0 0 1]
[0 0 0 0 0 0 0 0 0 0 1 1 1 1 0 0 0 0 0 0]
[0 0 0 0 0 0 0 0 0 0 0 0 0 0 1 1 1 1 0 0]
Stabilisator in S_10 x S_10:
Permutation group acting on a set of cardinality 20
Order = 36864 = 2^12 * 3^2
    (5, 6)(7, 8)
    (5, 7)(6, 8)
    (1, 2)(3, 4)
    (1, 3)(2, 4)
    (1, 4)(12, 13)
    (1, 2)(13, 14)
    (1, 4)(11, 14)
    (5, 6)(15, 16)
    (5, 8)(16, 17)
    (5, 6)(17, 18)
    (1, 5)(2, 8)(3, 7)(4, 6)(11, 18)(12, 15)(13, 16)(14, 17)
    (9, 10)(19, 20)
Ordnung des Stabilisators: 36864
Abstrakter Gruppentyp: C2*C2^8.S3wrC2
Erzeuger des Stabilisators:
{
    (9, 10)(19, 20),
    (5, 6)(7, 8),
    (1, 4)(11, 14),
    (1, 3)(2, 4),
    (5, 6)(15, 16),
    (1, 2)(13, 14),
    (5, 8)(16, 17),
    (1, 2)(3, 4),
    (1, 5)(2, 8)(3, 7)(4, 6)(11, 18)(12, 15)(13, 16)(14, 17),
    (5, 6)(17, 18),
    (5, 7)(6, 8),
    (1, 4)(12, 13)
}

Klasse 9
Vertreter (Generatormatrix):
[1 0 0 1 0 0 0 0 0 0 0 1 0 1 1 1 1 1 0 0]
[0 1 0 1 0 0 0 0 0 0 0 1 1 0 1 1 1 1 0 0]
[0 0 1 1 0 0 0 0 0 0 0 0 1 1 0 0 0 0 0 0]
[0 0 0 0 1 0 0 0 0 0 0 0 1 1 0 1 1 1 0 0]
[0 0 0 0 0 1 0 0 0 0 0 0 1 1 1 0 1 1 0 0]
[0 0 0 0 0 0 1 0 0 0 0 0 1 1 1 1 0 1 0 0]
[0 0 0 0 0 0 0 1 0 0 0 0 1 1 1 1 1 0 0 0]
[0 0 0 0 0 0 0 0 1 0 0 0 0 0 0 0 0 0 1 0]
[0 0 0 0 0 0 0 0 0 1 0 0 0 0 0 0 0 0 0 1]
[0 0 0 0 0 0 0 0 0 0 1 1 1 1 0 0 0 0 0 0]
Stabilisator in S_10 x S_10:
Permutation group acting on a set of cardinality 20
Order = 1536 = 2^9 * 3
    (1, 4)(2, 3)
    (1, 2)(3, 4)
    (5, 6)(15, 16)
    (6, 7)(16, 17)
    (7, 8)(17, 18)
    (3, 4)(11, 12)
    (3, 4)(13, 14)
    (11, 13)(12, 14)
    (9, 10)(19, 20)
Ordnung des Stabilisators: 1536
Abstrakter Gruppentyp: (C2^3*S4).C2^3
Erzeuger des Stabilisators:
{
    (3, 4)(13, 14),
    (1, 2)(3, 4),
    (3, 4)(11, 12),
    (6, 7)(16, 17),
    (1, 4)(2, 3),
    (5, 6)(15, 16),
    (7, 8)(17, 18),
    (11, 13)(12, 14),
    (9, 10)(19, 20)
}

Klasse 10
Vertreter (Generatormatrix):
[1 0 0 0 0 0 0 0 0 0 0 0 0 0 1 1 1 1 1 0]
[0 1 0 0 0 0 0 0 1 0 0 0 1 1 1 1 1 1 0 0]
[0 0 1 0 0 0 0 0 1 0 0 1 0 1 1 1 1 1 0 0]
[0 0 0 1 0 0 0 0 1 0 0 1 1 0 1 1 1 1 0 0]
[0 0 0 0 1 0 0 0 1 0 0 0 0 0 1 0 0 0 1 0]
[0 0 0 0 0 1 0 0 1 0 0 0 0 0 0 1 0 0 1 0]
[0 0 0 0 0 0 1 0 1 0 0 0 0 0 0 0 1 0 1 0]
[0 0 0 0 0 0 0 1 1 0 0 0 0 0 0 0 0 1 1 0]
[0 0 0 0 0 0 0 0 0 1 0 0 0 0 0 0 0 0 0 1]
[0 0 0 0 0 0 0 0 0 0 1 1 1 1 0 0 0 0 0 0]
Stabilisator in S_10 x S_10:
Permutation group acting on a set of cardinality 20
Order = 2880 = 2^6 * 3^2 * 5
    (6, 7)(16, 17)
    (7, 8)(17, 18)
    (8, 9)(18, 19)
    (5, 9)(15, 19)
    (11, 14)(12, 13)
    (11, 12)(13, 14)
    (2, 3)(12, 13)
    (2, 4)(12, 14)
Ordnung des Stabilisators: 2880
Abstrakter Gruppentyp: S5*S4
Erzeuger des Stabilisators:
{
    (11, 12)(13, 14),
    (5, 9)(15, 19),
    (8, 9)(18, 19),
    (7, 8)(17, 18),
    (2, 3)(12, 13),
    (2, 4)(12, 14),
    (11, 14)(12, 13),
    (6, 7)(16, 17)
}

Klasse 11
Vertreter (Generatormatrix):
[1 0 0 1 0 0 0 0 0 0 0 1 1 0 0 0 0 0 0 0]
[0 1 0 1 0 0 0 0 0 0 0 1 0 1 0 0 0 0 0 0]
[0 0 1 1 0 0 0 0 0 0 0 0 1 1 0 0 0 0 0 0]
[0 0 0 0 1 0 0 0 0 0 0 0 0 0 0 1 1 1 1 1]
[0 0 0 0 0 1 0 0 0 0 0 0 0 0 1 0 1 1 1 1]
[0 0 0 0 0 0 1 0 0 0 0 0 0 0 1 1 0 1 1 1]
[0 0 0 0 0 0 0 1 0 0 0 0 0 0 1 1 1 0 1 1]
[0 0 0 0 0 0 0 0 1 0 0 0 0 0 1 1 1 1 0 1]
[0 0 0 0 0 0 0 0 0 1 0 0 0 0 1 1 1 1 1 0]
[0 0 0 0 0 0 0 0 0 0 1 1 1 1 0 0 0 0 0 0]
Stabilisator in S_10 x S_10:
Permutation group acting on a set of cardinality 20
Order = 69120 = 2^9 * 3^3 * 5
    (5, 6)(15, 16)
    (6, 7)(16, 17)
    (7, 8)(17, 18)
    (8, 9)(18, 19)
    (9, 10)(19, 20)
    (1, 4)(2, 3)
    (1, 2)(3, 4)
    (2, 3)(12, 13)
    (3, 4)(13, 14)
    (2, 3)(11, 14)
Ordnung des Stabilisators: 69120
Abstrakter Gruppentyp: S6*C2^2:S4
Erzeuger des Stabilisators:
{
    (2, 3)(12, 13),
    (3, 4)(13, 14),
    (1, 2)(3, 4),
    (8, 9)(18, 19),
    (6, 7)(16, 17),
    (1, 4)(2, 3),
    (5, 6)(15, 16),
    (7, 8)(17, 18),
    (9, 10)(19, 20),
    (2, 3)(11, 14)
}

Klasse 12
Vertreter (Generatormatrix):
[1 0 0 1 0 0 0 0 0 1 0 1 0 1 1 1 1 1 1 0]
[0 1 0 1 0 0 0 0 0 1 0 1 0 1 0 0 0 0 0 1]
[0 0 1 1 0 0 0 0 0 0 0 0 0 0 1 1 1 1 1 1]
[0 0 0 0 1 0 0 0 0 1 0 0 0 0 1 0 0 0 0 1]
[0 0 0 0 0 1 0 0 0 1 0 0 0 0 0 1 0 0 0 1]
[0 0 0 0 0 0 1 0 0 1 0 0 0 0 0 0 1 0 0 1]
[0 0 0 0 0 0 0 1 0 1 0 0 0 0 0 0 0 1 0 1]
[0 0 0 0 0 0 0 0 1 1 0 0 0 0 0 0 0 0 1 1]
[0 0 0 0 0 0 0 0 0 0 1 1 0 0 1 1 1 1 1 1]
[0 0 0 0 0 0 0 0 0 0 0 0 1 1 1 1 1 1 1 1]
Stabilisator in S_10 x S_10:
Permutation group acting on a set of cardinality 20
Order = 23040 = 2^9 * 3^2 * 5
    (6, 7)(16, 17)
    (7, 8)(17, 18)
    (8, 9)(18, 19)
    (9, 10)(19, 20)
    (5, 10)(15, 20)
    (1, 3)(2, 4)
    (1, 2)(3, 4)
    (3, 4)(13, 14)
    (3, 4)(11, 12)
    (11, 14)(12, 13)
Ordnung des Stabilisators: 23040
Abstrakter Gruppentyp: C2^2wrC2.A6.C2
Erzeuger des Stabilisators:
{
    (1, 2)(3, 4),
    (9, 10)(19, 20),
    (1, 3)(2, 4),
    (8, 9)(18, 19),
    (7, 8)(17, 18),
    (5, 10)(15, 20),
    (3, 4)(13, 14),
    (3, 4)(11, 12),
    (6, 7)(16, 17),
    (11, 14)(12, 13)
}

Klasse 13
Vertreter (Generatormatrix):
[1 0 0 0 0 0 0 0 0 0 1 0 0 0 1 1 1 1 0 0]
[0 1 0 0 0 0 0 0 0 0 0 1 0 0 1 1 1 1 0 0]
[0 0 1 0 0 0 0 0 0 0 0 0 1 0 1 1 1 1 0 0]
[0 0 0 1 0 0 0 0 0 0 0 0 0 1 1 1 1 1 0 0]
[0 0 0 0 1 0 0 0 0 0 1 1 1 1 1 0 0 0 0 0]
[0 0 0 0 0 1 0 0 0 0 1 1 1 1 0 1 0 0 0 0]
[0 0 0 0 0 0 1 0 0 0 1 1 1 1 0 0 1 0 0 0]
[0 0 0 0 0 0 0 1 0 0 1 1 1 1 0 0 0 1 0 0]
[0 0 0 0 0 0 0 0 1 0 0 0 0 0 0 0 0 0 1 0]
[0 0 0 0 0 0 0 0 0 1 0 0 0 0 0 0 0 0 0 1]
Stabilisator in S_10 x S_10:
Permutation group acting on a set of cardinality 20
Order = 2304 = 2^8 * 3^2
    (5, 6)(15, 16)
    (6, 7)(16, 17)
    (7, 8)(17, 18)
    (3, 4)(13, 14)
    (2, 4)(12, 14)
    (1, 2)(11, 12)
    (1, 8)(2, 7)(3, 5)(4, 6)(11, 18)(12, 17)(13, 15)(14, 16)
    (9, 10)(19, 20)
Ordnung des Stabilisators: 2304
Abstrakter Gruppentyp: C2*A4^2.D4
Erzeuger des Stabilisators:
{
    (3, 4)(13, 14),
    (1, 2)(11, 12),
    (2, 4)(12, 14),
    (6, 7)(16, 17),
    (5, 6)(15, 16),
    (7, 8)(17, 18),
    (9, 10)(19, 20),
    (1, 8)(2, 7)(3, 5)(4, 6)(11, 18)(12, 17)(13, 15)(14, 16)
}

Klasse 14
Vertreter (Generatormatrix):
[1 0 0 1 0 0 0 0 0 0 0 0 0 1 1 1 1 1 1 0]
[0 1 0 1 0 0 0 0 0 0 0 0 1 0 1 1 1 1 1 0]
[0 0 1 1 0 0 0 0 0 0 0 0 1 1 0 0 0 0 0 0]
[0 0 0 0 1 0 0 0 0 0 1 0 0 0 0 1 1 1 1 0]
[0 0 0 0 0 1 0 0 0 0 1 0 0 0 1 0 1 1 1 0]
[0 0 0 0 0 0 1 0 0 0 1 0 0 0 1 1 0 1 1 0]
[0 0 0 0 0 0 0 1 0 0 1 0 0 0 1 1 1 0 1 0]
[0 0 0 0 0 0 0 0 1 0 1 0 0 0 1 1 1 1 0 0]
[0 0 0 0 0 0 0 0 0 1 0 0 0 0 0 0 0 0 0 1]
[0 0 0 0 0 0 0 0 0 0 0 1 1 1 1 1 1 1 1 0]
Stabilisator in S_10 x S_10:
Permutation group acting on a set of cardinality 20
Order = 2880 = 2^6 * 3^2 * 5
    (6, 7)(16, 17)
    (7, 8)(17, 18)
    (8, 9)(18, 19)
    (5, 9)(15, 19)
    (1, 4)(2, 3)
    (1, 2)(3, 4)
    (3, 4)(13, 14)
    (2, 4)(12, 14)
Ordnung des Stabilisators: 2880
Abstrakter Gruppentyp: S5*S4
Erzeuger des Stabilisators:
{
    (3, 4)(13, 14),
    (1, 2)(3, 4),
    (5, 9)(15, 19),
    (8, 9)(18, 19),
    (2, 4)(12, 14),
    (6, 7)(16, 17),
    (1, 4)(2, 3),
    (7, 8)(17, 18)
}

Klasse 15
Vertreter (Generatormatrix):
[1 0 0 0 0 0 0 0 0 0 0 1 1 1 1 1 1 1 1 1]
[0 1 0 0 0 0 0 0 0 0 1 0 1 1 1 1 1 1 1 1]
[0 0 1 0 0 0 0 0 0 0 1 1 0 1 1 1 1 1 1 1]
[0 0 0 1 0 0 0 0 0 0 1 1 1 0 1 1 1 1 1 1]
[0 0 0 0 1 0 0 0 0 0 1 1 1 1 1 0 0 0 0 0]
[0 0 0 0 0 1 0 0 0 0 1 1 1 1 0 1 0 0 0 0]
[0 0 0 0 0 0 1 0 0 0 1 1 1 1 0 0 1 0 0 0]
[0 0 0 0 0 0 0 1 0 0 1 1 1 1 0 0 0 1 0 0]
[0 0 0 0 0 0 0 0 1 0 1 1 1 1 0 0 0 0 1 0]
[0 0 0 0 0 0 0 0 0 1 1 1 1 1 0 0 0 0 0 1]
Stabilisator in S_10 x S_10:
Permutation group acting on a set of cardinality 20
Order = 17280 = 2^7 * 3^3 * 5
    (5, 6)(15, 16)
    (6, 7)(16, 17)
    (7, 8)(17, 18)
    (8, 9)(18, 19)
    (9, 10)(19, 20)
    (1, 2)(11, 12)
    (2, 3)(12, 13)
    (3, 4)(13, 14)
Ordnung des Stabilisators: 17280
Abstrakter Gruppentyp: S6*S4
Erzeuger des Stabilisators:
{
    (2, 3)(12, 13),
    (3, 4)(13, 14),
    (1, 2)(11, 12),
    (8, 9)(18, 19),
    (6, 7)(16, 17),
    (5, 6)(15, 16),
    (7, 8)(17, 18),
    (9, 10)(19, 20)
}

Klasse 16
Vertreter (Generatormatrix):
[1 0 0 0 0 0 0 0 0 0 0 1 1 0 0 0 1 1 1 0]
[0 1 0 0 0 0 0 0 0 0 1 0 1 0 0 0 1 1 1 0]
[0 0 1 0 0 0 0 0 0 0 1 1 0 0 0 0 1 1 1 0]
[0 0 0 1 0 0 0 0 0 0 1 1 1 0 1 1 0 0 0 0]
[0 0 0 0 1 0 0 0 0 0 1 1 1 1 0 1 0 0 0 0]
[0 0 0 0 0 1 0 0 0 0 1 1 1 1 1 0 0 0 0 0]
[0 0 0 0 0 0 1 0 0 0 0 0 0 1 1 1 0 1 1 0]
[0 0 0 0 0 0 0 1 0 0 0 0 0 1 1 1 1 0 1 0]
[0 0 0 0 0 0 0 0 1 0 0 0 0 1 1 1 1 1 0 0]
[0 0 0 0 0 0 0 0 0 1 0 0 0 0 0 0 0 0 0 1]
Stabilisator in S_10 x S_10:
Permutation group acting on a set of cardinality 20
Order = 648 = 2^3 * 3^4
    (5, 6)(15, 16)
    (4, 6)(14, 16)
    (2, 3)(12, 13)
    (1, 3)(11, 13)
    (8, 9)(18, 19)
    (7, 9)(17, 19)
    (1, 4, 7)(2, 5, 8)(3, 6, 9)(11, 14, 17)(12, 15, 18)(13, 16, 19)
Ordnung des Stabilisators: 648
Abstrakter Gruppentyp: S3wrC3
SmallGroup-Kennung: <648, 705>
Erzeuger des Stabilisators:
{
    (2, 3)(12, 13),
    (7, 9)(17, 19),
    (1, 4, 7)(2, 5, 8)(3, 6, 9)(11, 14, 17)(12, 15, 18)(13, 16, 19),
    (8, 9)(18, 19),
    (4, 6)(14, 16),
    (5, 6)(15, 16),
    (1, 3)(11, 13)
}

Klasse 17
Vertreter (Generatormatrix):
[1 0 0 0 0 0 0 0 0 0 1 0 1 1 1 1 1 1 1 1]
[0 1 0 0 0 0 0 0 0 0 0 1 1 1 1 1 1 1 1 1]
[0 0 1 0 0 0 0 0 0 0 1 1 0 1 1 1 0 0 0 0]
[0 0 0 1 0 0 0 0 0 0 1 1 1 0 1 1 0 0 0 0]
[0 0 0 0 1 0 0 0 0 0 1 1 1 1 0 1 0 0 0 0]
[0 0 0 0 0 1 0 0 0 0 1 1 1 1 1 0 0 0 0 0]
[0 0 0 0 0 0 1 0 0 0 1 1 0 0 0 0 0 1 1 1]
[0 0 0 0 0 0 0 1 0 0 1 1 0 0 0 0 1 0 1 1]
[0 0 0 0 0 0 0 0 1 0 1 1 0 0 0 0 1 1 0 1]
[0 0 0 0 0 0 0 0 0 1 1 1 0 0 0 0 1 1 1 0]
Stabilisator in S_10 x S_10:
Permutation group acting on a set of cardinality 20
Order = 2304 = 2^8 * 3^2
    (7, 9)(17, 19)
    (7, 8)(17, 18)
    (8, 10)(18, 20)
    (5, 6)(15, 16)
    (4, 6)(14, 16)
    (3, 4)(13, 14)
    (3, 10)(4, 8)(5, 9)(6, 7)(13, 20)(14, 18)(15, 19)(16, 17)
    (1, 2)(11, 12)
Ordnung des Stabilisators: 2304
Abstrakter Gruppentyp: C2*A4^2.D4
Erzeuger des Stabilisators:
{
    (3, 4)(13, 14),
    (3, 10)(4, 8)(5, 9)(6, 7)(13, 20)(14, 18)(15, 19)(16, 17),
    (1, 2)(11, 12),
    (7, 9)(17, 19),
    (4, 6)(14, 16),
    (8, 10)(18, 20),
    (7, 8)(17, 18),
    (5, 6)(15, 16)
}

Klasse 18
Vertreter (Generatormatrix):
[1 0 0 0 0 0 0 0 0 1 0 1 1 1 1 1 0 0 0 1]
[0 1 0 0 0 0 0 0 0 1 0 1 0 0 1 1 1 1 1 0]
[0 0 1 0 0 0 0 0 0 1 0 0 1 0 1 1 1 1 1 0]
[0 0 0 1 0 0 0 0 0 1 0 0 0 1 1 1 1 1 1 0]
[0 0 0 0 1 0 0 0 0 0 0 0 0 0 0 1 1 1 1 1]
[0 0 0 0 0 1 0 0 0 0 0 0 0 0 1 0 1 1 1 1]
[0 0 0 0 0 0 1 0 0 1 0 0 0 0 0 0 1 0 0 1]
[0 0 0 0 0 0 0 1 0 1 0 0 0 0 0 0 0 1 0 1]
[0 0 0 0 0 0 0 0 1 1 0 0 0 0 0 0 0 0 1 1]
[0 0 0 0 0 0 0 0 0 0 1 1 1 1 0 0 1 1 1 1]
Stabilisator in S_10 x S_10:
Permutation group acting on a set of cardinality 20
Order = 2304 = 2^8 * 3^2
    (1, 3)(11, 13)
    (3, 4)(13, 14)
    (2, 4)(12, 14)
    (7, 8)(17, 18)
    (8, 9)(18, 19)
    (9, 10)(19, 20)
    (1, 7)(2, 10)(3, 8)(4, 9)(11, 17)(12, 20)(13, 18)(14, 19)
    (5, 6)(15, 16)
Ordnung des Stabilisators: 2304
Abstrakter Gruppentyp: C2*A4^2.D4
Erzeuger des Stabilisators:
{
    (9, 10)(19, 20),
    (8, 9)(18, 19),
    (7, 8)(17, 18),
    (1, 3)(11, 13),
    (1, 7)(2, 10)(3, 8)(4, 9)(11, 17)(12, 20)(13, 18)(14, 19),
    (2, 4)(12, 14),
    (5, 6)(15, 16),
    (3, 4)(13, 14)
}

Klasse 19
Vertreter (Generatormatrix):
[1 0 0 1 0 1 1 0 0 0 0 0 0 0 0 0 0 0 0 0]
[0 1 0 1 0 1 0 0 0 0 0 0 0 0 1 1 1 0 0 0]
[0 0 1 1 0 0 1 0 0 0 0 0 0 0 1 1 1 0 0 0]
[0 0 0 0 1 1 1 0 0 0 0 0 0 0 1 1 1 0 0 0]
[0 0 0 0 0 0 0 1 0 0 0 0 0 0 0 0 0 1 0 0]
[0 0 0 0 0 0 0 0 1 0 0 0 0 0 0 0 0 0 1 0]
[0 0 0 0 0 0 0 0 0 1 0 0 0 0 0 0 0 0 0 1]
[0 0 0 0 0 0 0 0 0 0 1 0 0 1 0 1 1 0 0 0]
[0 0 0 0 0 0 0 0 0 0 0 1 0 1 1 0 1 0 0 0]
[0 0 0 0 0 0 0 0 0 0 0 0 1 1 1 1 0 0 0 0]
Stabilisator in S_10 x S_10:
Permutation group acting on a set of cardinality 20
Order = 169344 = 2^7 * 3^3 * 7^2
    (3, 6)(4, 5)
    (3, 4)(5, 6)
    (1, 7)(4, 6)
    (1, 3)(5, 7)
    (1, 2)(5, 6)
    (11, 14)(12, 13)
    (11, 12)(13, 14)
    (13, 14)(15, 16)
    (11, 16)(12, 15)
    (12, 13)(16, 17)
    (9, 10)(19, 20)
    (8, 10)(18, 20)
Ordnung des Stabilisators: 169344
Abstrakter Gruppentyp: PSL(2,7)^2*S3
Erzeuger des Stabilisators:
{
    (9, 10)(19, 20),
    (8, 10)(18, 20),
    (11, 14)(12, 13),
    (13, 14)(15, 16),
    (1, 3)(5, 7),
    (3, 4)(5, 6),
    (11, 12)(13, 14),
    (11, 16)(12, 15),
    (1, 2)(5, 6),
    (12, 13)(16, 17),
    (1, 7)(4, 6),
    (3, 6)(4, 5)
}

Klasse 20
Vertreter (Generatormatrix):
[1 0 0 1 0 1 0 1 0 0 0 1 0 1 0 1 1 0 0 0]
[0 1 0 1 0 1 0 1 0 0 0 1 0 1 0 1 0 1 0 0]
[0 0 1 1 0 0 0 0 0 0 0 0 0 0 0 0 1 1 0 0]
[0 0 0 0 1 1 0 0 0 0 0 0 0 0 0 0 1 1 0 0]
[0 0 0 0 0 0 1 1 0 0 0 0 0 0 0 0 1 1 0 0]
[0 0 0 0 0 0 0 0 1 0 0 0 0 0 0 0 0 0 1 0]
[0 0 0 0 0 0 0 0 0 1 0 0 0 0 0 0 0 0 0 1]
[0 0 0 0 0 0 0 0 0 0 1 1 0 0 0 0 1 1 0 0]
[0 0 0 0 0 0 0 0 0 0 0 0 1 1 0 0 1 1 0 0]
[0 0 0 0 0 0 0 0 0 0 0 0 0 0 1 1 1 1 0 0]
Stabilisator in S_10 x S_10:
Permutation group acting on a set of cardinality 20
Order = 147456 = 2^14 * 3^2
    (5, 8)(6, 7)
    (5, 6)(7, 8)
    (1, 2)(7, 8)
    (1, 6)(2, 5)
    (3, 4)(7, 8)
    (1, 4)(2, 3)
    (7, 8)(15, 16)
    (7, 8)(13, 14)
    (13, 16)(14, 15)
    (7, 8)(17, 18)
    (13, 18)(14, 17)
    (7, 8)(11, 12)
    (11, 18)(12, 17)
    (9, 10)(19, 20)
Ordnung des Stabilisators: 147456
Abstrakter Gruppentyp: C2*C2^6.A4^2.C2^3
Erzeuger des Stabilisators:
{
    (1, 6)(2, 5),
    (7, 8)(13, 14),
    (5, 8)(6, 7),
    (7, 8)(15, 16),
    (5, 6)(7, 8),
    (13, 18)(14, 17),
    (7, 8)(17, 18),
    (7, 8)(11, 12),
    (9, 10)(19, 20),
    (13, 16)(14, 15),
    (1, 2)(7, 8),
    (1, 4)(2, 3),
    (11, 18)(12, 17),
    (3, 4)(7, 8)
}

Klasse 21
Vertreter (Generatormatrix):
[1 0 0 1 0 0 0 1 0 0 0 0 0 0 1 1 1 0 0 0]
[0 1 0 1 0 0 0 0 0 0 0 0 0 0 0 0 1 1 0 0]
[0 0 1 1 0 0 0 1 0 0 0 0 0 0 1 1 0 1 0 0]
[0 0 0 0 1 0 0 0 0 0 0 1 0 1 1 0 1 1 0 0]
[0 0 0 0 0 1 0 0 0 0 0 1 0 1 0 1 1 1 0 0]
[0 0 0 0 0 0 1 1 0 0 0 0 0 0 0 0 1 1 0 0]
[0 0 0 0 0 0 0 0 1 0 0 0 0 0 0 0 0 0 1 0]
[0 0 0 0 0 0 0 0 0 1 0 0 0 0 0 0 0 0 0 1]
[0 0 0 0 0 0 0 0 0 0 1 1 0 0 1 1 0 0 0 0]
[0 0 0 0 0 0 0 0 0 0 0 0 1 1 1 1 0 0 0 0]
Stabilisator in S_10 x S_10:
Permutation group acting on a set of cardinality 20
Order = 4608 = 2^9 * 3^2
    (2, 7)(4, 8)
    (2, 4)(7, 8)
    (1, 3)(7, 8)
    (1, 2)(3, 4)
    (11, 13)(12, 14)
    (11, 12)(13, 14)
    (5, 6)(13, 14)
    (7, 8)(17, 18)
    (13, 14)(15, 16)
    (11, 16)(12, 15)
    (9, 10)(19, 20)
Ordnung des Stabilisators: 4608
Abstrakter Gruppentyp: C2^3*S4^2
Erzeuger des Stabilisators:
{
    (11, 12)(13, 14),
    (1, 2)(3, 4),
    (13, 14)(15, 16),
    (11, 16)(12, 15),
    (9, 10)(19, 20),
    (2, 4)(7, 8),
    (7, 8)(17, 18),
    (1, 3)(7, 8),
    (2, 7)(4, 8),
    (5, 6)(13, 14),
    (11, 13)(12, 14)
}

Klasse 22
Vertreter (Generatormatrix):
[1 0 0 0 0 0 0 0 1 0 0 0 0 0 0 0 1 1 0 0]
[0 1 0 0 0 0 0 0 0 0 0 0 0 0 1 1 1 1 1 0]
[0 0 1 0 0 1 0 0 0 0 0 1 0 1 0 1 1 1 1 0]
[0 0 0 1 0 1 0 0 0 0 0 1 0 1 1 0 1 1 1 0]
[0 0 0 0 1 1 0 0 0 0 0 0 0 0 1 1 0 0 0 0]
[0 0 0 0 0 0 1 0 1 0 0 0 0 0 0 0 1 0 1 0]
[0 0 0 0 0 0 0 1 1 0 0 0 0 0 0 0 0 1 1 0]
[0 0 0 0 0 0 0 0 0 1 0 0 0 0 0 0 0 0 0 1]
[0 0 0 0 0 0 0 0 0 0 1 1 0 0 1 1 0 0 0 0]
[0 0 0 0 0 0 0 0 0 0 0 0 1 1 1 1 0 0 0 0]
Stabilisator in S_10 x S_10:
Permutation group acting on a set of cardinality 20
Order = 4608 = 2^9 * 3^2
    (11, 12)(15, 16)
    (11, 15)(12, 16)
    (11, 12)(13, 14)
    (13, 16)(14, 15)
    (3, 4)(11, 12)
    (5, 6)(11, 12)
    (3, 6)(4, 5)
    (1, 7)(8, 9)
    (1, 8)(7, 9)
    (1, 7)(18, 19)
    (7, 9)(17, 19)
Ordnung des Stabilisators: 4608
Abstrakter Gruppentyp: D4*S4*S4
Erzeuger des Stabilisators:
{
    (11, 12)(13, 14),
    (3, 6)(4, 5),
    (1, 8)(7, 9),
    (3, 4)(11, 12),
    (7, 9)(17, 19),
    (5, 6)(11, 12),
    (11, 12)(15, 16),
    (13, 16)(14, 15),
    (1, 7)(18, 19),
    (11, 15)(12, 16),
    (1, 7)(8, 9)
}

Klasse 23
Vertreter (Generatormatrix):
[1 0 0 1 0 1 0 0 0 0 0 0 0 0 0 0 1 1 1 0]
[0 1 0 1 0 1 0 0 0 0 0 1 0 1 0 1 0 0 0 0]
[0 0 1 1 0 0 0 0 0 0 0 1 0 1 0 1 1 1 1 0]
[0 0 0 0 1 1 0 0 0 0 0 1 0 1 0 1 1 1 1 0]
[0 0 0 0 0 0 1 0 0 0 0 1 0 1 1 0 0 1 1 0]
[0 0 0 0 0 0 0 1 0 0 0 1 0 1 1 0 1 0 1 0]
[0 0 0 0 0 0 0 0 1 0 0 1 0 1 1 0 1 1 0 0]
[0 0 0 0 0 0 0 0 0 1 0 0 0 0 0 0 0 0 0 1]
[0 0 0 0 0 0 0 0 0 0 1 1 0 0 1 1 0 0 0 0]
[0 0 0 0 0 0 0 0 0 0 0 0 1 1 1 1 0 0 0 0]
Stabilisator in S_10 x S_10:
Permutation group acting on a set of cardinality 20
Order = 3456 = 2^7 * 3^3
    (1, 5)(2, 6)
    (1, 2)(5, 6)
    (3, 4)(5, 6)
    (1, 4)(2, 3)
    (13, 14)(15, 16)
    (13, 15)(14, 16)
    (7, 8)(17, 18)
    (8, 9)(18, 19)
    (11, 12)(13, 14)
    (11, 15)(12, 16)
Ordnung des Stabilisators: 3456
Abstrakter Gruppentyp: S4^2*S3
Erzeuger des Stabilisators:
{
    (11, 12)(13, 14),
    (13, 15)(14, 16),
    (1, 2)(5, 6),
    (3, 4)(5, 6),
    (13, 14)(15, 16),
    (8, 9)(18, 19),
    (1, 5)(2, 6),
    (1, 4)(2, 3),
    (7, 8)(17, 18),
    (11, 15)(12, 16)
}

Klasse 24
Vertreter (Generatormatrix):
[1 0 0 1 0 1 0 0 0 0 0 1 0 1 1 0 0 0 0 0]
[0 1 0 1 0 1 0 0 0 0 0 1 0 1 0 1 0 0 0 0]
[0 0 1 1 0 0 0 0 0 0 0 0 0 0 1 1 0 0 0 0]
[0 0 0 0 1 1 0 0 0 0 0 0 0 0 1 1 0 0 0 0]
[0 0 0 0 0 0 1 0 0 1 0 0 0 0 0 0 0 1 1 0]
[0 0 0 0 0 0 0 1 0 1 0 0 0 0 0 0 0 1 0 1]
[0 0 0 0 0 0 0 0 1 1 0 0 0 0 0 0 0 0 1 1]
[0 0 0 0 0 0 0 0 0 0 1 1 0 0 1 1 0 0 0 0]
[0 0 0 0 0 0 0 0 0 0 0 0 1 1 1 1 0 0 0 0]
[0 0 0 0 0 0 0 0 0 0 0 0 0 0 0 0 1 1 1 1]
Stabilisator in S_10 x S_10:
Permutation group acting on a set of cardinality 20
Order = 110592 = 2^12 * 3^3
    (3, 6)(4, 5)
    (3, 4)(5, 6)
    (1, 2)(5, 6)
    (1, 4)(2, 3)
    (5, 6)(13, 14)
    (5, 6)(15, 16)
    (13, 16)(14, 15)
    (5, 6)(11, 12)
    (11, 16)(12, 15)
    (7, 10)(8, 9)
    (7, 8)(9, 10)
    (8, 9)(18, 19)
    (9, 10)(19, 20)
    (8, 9)(17, 20)
Ordnung des Stabilisators: 110592
Abstrakter Gruppentyp: A4^2.C2^3*C2^2:S4
Erzeuger des Stabilisators:
{
    (9, 10)(19, 20),
    (5, 6)(13, 14),
    (7, 10)(8, 9),
    (3, 4)(5, 6),
    (7, 8)(9, 10),
    (5, 6)(15, 16),
    (11, 16)(12, 15),
    (13, 16)(14, 15),
    (8, 9)(18, 19),
    (1, 2)(5, 6),
    (5, 6)(11, 12),
    (8, 9)(17, 20),
    (1, 4)(2, 3),
    (3, 6)(4, 5)
}

Klasse 25
Vertreter (Generatormatrix):
[1 0 0 1 0 1 0 0 0 0 0 1 0 1 0 1 1 1 1 1]
[0 1 0 1 0 1 0 0 0 0 0 1 0 1 1 0 1 1 1 1]
[0 0 1 1 0 0 0 0 0 0 0 0 0 0 1 1 0 0 0 0]
[0 0 0 0 1 1 0 0 0 0 0 0 0 0 1 1 0 0 0 0]
[0 0 0 0 0 0 1 0 0 0 0 0 0 0 1 1 0 1 1 1]
[0 0 0 0 0 0 0 1 0 0 0 0 0 0 1 1 1 0 1 1]
[0 0 0 0 0 0 0 0 1 0 0 0 0 0 1 1 1 1 0 1]
[0 0 0 0 0 0 0 0 0 1 0 0 0 0 1 1 1 1 1 0]
[0 0 0 0 0 0 0 0 0 0 1 1 0 0 1 1 0 0 0 0]
[0 0 0 0 0 0 0 0 0 0 0 0 1 1 1 1 0 0 0 0]
Stabilisator in S_10 x S_10:
Permutation group acting on a set of cardinality 20
Order = 27648 = 2^10 * 3^3
    (1, 2)(5, 6)
    (1, 5)(2, 6)
    (1, 2)(3, 4)
    (3, 6)(4, 5)
    (1, 2)(13, 14)
    (1, 2)(11, 12)
    (11, 14)(12, 13)
    (1, 2)(15, 16)
    (11, 15)(12, 16)
    (7, 8)(17, 18)
    (8, 9)(18, 19)
    (9, 10)(19, 20)
Ordnung des Stabilisators: 27648
Abstrakter Gruppentyp: A4^2.C2^3*S4
Erzeuger des Stabilisators:
{
    (1, 2)(11, 12),
    (9, 10)(19, 20),
    (11, 14)(12, 13),
    (1, 2)(13, 14),
    (1, 5)(2, 6),
    (1, 2)(3, 4),
    (8, 9)(18, 19),
    (1, 2)(5, 6),
    (1, 2)(15, 16),
    (7, 8)(17, 18),
    (3, 6)(4, 5),
    (11, 15)(12, 16)
}

Klasse 26
Vertreter (Generatormatrix):
[1 0 0 1 0 0 0 0 0 0 0 0 0 0 1 1 1 1 1 1]
[0 1 0 1 0 0 0 0 0 1 0 0 0 0 0 0 1 1 1 0]
[0 0 1 1 0 0 0 0 0 1 0 0 0 0 1 1 0 0 0 1]
[0 0 0 0 1 0 0 0 0 1 0 1 0 1 1 0 1 1 1 0]
[0 0 0 0 0 1 0 0 0 1 0 1 0 1 0 1 1 1 1 0]
[0 0 0 0 0 0 1 0 0 1 0 0 0 0 0 0 1 0 0 1]
[0 0 0 0 0 0 0 1 0 1 0 0 0 0 0 0 0 1 0 1]
[0 0 0 0 0 0 0 0 1 1 0 0 0 0 0 0 0 0 1 1]
[0 0 0 0 0 0 0 0 0 0 1 1 0 0 1 1 0 0 0 0]
[0 0 0 0 0 0 0 0 0 0 0 0 1 1 1 1 0 0 0 0]
Stabilisator in S_10 x S_10:
Permutation group acting on a set of cardinality 20
Order = 4608 = 2^9 * 3^2
    (13, 14)(15, 16)
    (13, 16)(14, 15)
    (11, 12)(13, 14)
    (11, 16)(12, 15)
    (8, 10)(18, 20)
    (8, 9)(18, 19)
    (5, 6)(13, 14)
    (7, 9)(17, 19)
    (1, 2)(3, 4)
    (1, 4)(2, 3)
Ordnung des Stabilisators: 4608
Abstrakter Gruppentyp: C2^3*S4^2
Erzeuger des Stabilisators:
{
    (11, 12)(13, 14),
    (11, 16)(12, 15),
    (13, 16)(14, 15),
    (13, 14)(15, 16),
    (1, 2)(3, 4),
    (1, 4)(2, 3),
    (8, 9)(18, 19),
    (7, 9)(17, 19),
    (8, 10)(18, 20),
    (5, 6)(13, 14)
}

Klasse 27
Vertreter (Generatormatrix):
[1 0 0 1 0 1 0 0 0 0 0 1 0 1 1 0 0 0 0 0]
[0 1 0 1 0 1 0 0 0 0 0 1 0 1 0 1 0 0 0 0]
[0 0 1 1 0 0 0 0 0 0 0 0 0 0 1 1 0 0 0 0]
[0 0 0 0 1 1 0 0 0 0 0 0 0 0 1 1 0 0 0 0]
[0 0 0 0 0 0 1 0 0 0 0 1 0 0 1 1 0 1 1 0]
[0 0 0 0 0 0 0 1 0 0 0 1 0 0 1 1 1 0 1 0]
[0 0 0 0 0 0 0 0 1 0 0 1 0 0 1 1 1 1 0 0]
[0 0 0 0 0 0 0 0 0 1 0 0 0 0 0 0 0 0 0 1]
[0 0 0 0 0 0 0 0 0 0 1 0 0 0 0 0 1 1 1 0]
[0 0 0 0 0 0 0 0 0 0 0 0 1 1 1 1 0 0 0 0]
Stabilisator in S_10 x S_10:
Permutation group acting on a set of cardinality 20
Order = 4608 = 2^9 * 3^2
    (1, 6)(2, 5)
    (1, 2)(5, 6)
    (3, 4)(5, 6)
    (1, 3)(2, 4)
    (11, 19)(17, 18)
    (11, 17)(18, 19)
    (5, 6)(15, 16)
    (5, 6)(13, 14)
    (13, 16)(14, 15)
    (7, 9)(17, 19)
    (7, 8)(17, 18)
Ordnung des Stabilisators: 4608
Abstrakter Gruppentyp: D4*S4*S4
Erzeuger des Stabilisators:
{
    (1, 3)(2, 4),
    (13, 16)(14, 15),
    (7, 8)(17, 18),
    (11, 19)(17, 18),
    (7, 9)(17, 19),
    (3, 4)(5, 6),
    (11, 17)(18, 19),
    (5, 6)(13, 14),
    (5, 6)(15, 16),
    (1, 2)(5, 6),
    (1, 6)(2, 5)
}

Klasse 28
Vertreter (Generatormatrix):
[1 0 0 1 0 0 0 0 0 0 1 0 0 0 1 1 1 1 1 0]
[0 1 0 1 0 0 0 0 0 0 0 1 0 0 1 1 1 1 1 0]
[0 0 1 1 0 0 0 0 0 0 1 1 0 0 0 0 0 0 0 0]
[0 0 0 0 1 0 0 0 0 0 0 0 0 1 0 1 1 1 1 0]
[0 0 0 0 0 1 0 0 0 0 0 0 0 1 1 0 1 1 1 0]
[0 0 0 0 0 0 1 0 0 0 1 1 0 0 1 1 1 0 0 0]
[0 0 0 0 0 0 0 1 0 0 1 1 0 0 1 1 0 1 0 0]
[0 0 0 0 0 0 0 0 1 0 1 1 0 0 1 1 0 0 1 0]
[0 0 0 0 0 0 0 0 0 1 0 0 0 0 0 0 0 0 0 1]
[0 0 0 0 0 0 0 0 0 0 0 0 1 1 1 1 0 0 0 0]
Stabilisator in S_10 x S_10:
Permutation group acting on a set of cardinality 20
Order = 384 = 2^7 * 3
    (13, 16)(14, 15)
    (13, 14)(15, 16)
    (7, 8)(17, 18)
    (8, 9)(18, 19)
    (5, 6)(15, 16)
    (1, 2)(3, 4)
    (1, 4)(2, 3)
    (1, 2)(11, 12)
Ordnung des Stabilisators: 384
Abstrakter Gruppentyp: C3:(C2^4.C2^3)
SmallGroup-Kennung: <384, 19195>
Erzeuger des Stabilisators:
{
    (1, 2)(3, 4),
    (13, 16)(14, 15),
    (13, 14)(15, 16),
    (1, 4)(2, 3),
    (8, 9)(18, 19),
    (1, 2)(11, 12),
    (7, 8)(17, 18),
    (5, 6)(15, 16)
}

Klasse 29
Vertreter (Generatormatrix):
[1 0 0 0 0 0 0 0 0 0 1 0 0 0 0 0 1 1 1 1]
[0 1 0 0 0 0 0 0 0 0 0 1 0 0 0 0 1 1 1 1]
[0 0 1 0 0 1 0 0 0 0 0 0 0 1 1 0 1 1 1 1]
[0 0 0 1 0 1 0 0 0 0 0 0 0 1 0 1 1 1 1 1]
[0 0 0 0 1 1 0 0 0 0 0 0 0 0 1 1 0 0 0 0]
[0 0 0 0 0 0 1 0 0 0 1 1 0 0 1 1 1 0 0 0]
[0 0 0 0 0 0 0 1 0 0 1 1 0 0 1 1 0 1 0 0]
[0 0 0 0 0 0 0 0 1 0 1 1 0 0 1 1 0 0 1 0]
[0 0 0 0 0 0 0 0 0 1 1 1 0 0 1 1 0 0 0 1]
[0 0 0 0 0 0 0 0 0 0 0 0 1 1 1 1 0 0 0 0]
Stabilisator in S_10 x S_10:
Permutation group acting on a set of cardinality 20
Order = 1536 = 2^9 * 3
    (3, 5)(4, 6)
    (3, 4)(5, 6)
    (7, 8)(17, 18)
    (8, 9)(18, 19)
    (9, 10)(19, 20)
    (5, 6)(15, 16)
    (5, 6)(13, 14)
    (13, 16)(14, 15)
    (1, 2)(11, 12)
Ordnung des Stabilisators: 1536
Abstrakter Gruppentyp: (C2^3*S4).C2^3
Erzeuger des Stabilisators:
{
    (13, 16)(14, 15),
    (9, 10)(19, 20),
    (8, 9)(18, 19),
    (1, 2)(11, 12),
    (3, 5)(4, 6),
    (7, 8)(17, 18),
    (3, 4)(5, 6),
    (5, 6)(13, 14),
    (5, 6)(15, 16)
}

Klasse 30
Vertreter (Generatormatrix):
[1 0 0 1 0 1 0 0 0 0 0 1 0 0 1 1 1 1 1 1]
[0 1 0 1 0 1 0 0 0 0 0 1 0 1 0 1 0 0 0 0]
[0 0 1 1 0 0 0 0 0 0 0 0 0 1 1 0 1 1 1 1]
[0 0 0 0 1 1 0 0 0 0 0 0 0 1 1 0 1 1 1 1]
[0 0 0 0 0 0 1 0 0 0 0 0 0 1 0 1 0 1 1 1]
[0 0 0 0 0 0 0 1 0 0 0 0 0 1 0 1 1 0 1 1]
[0 0 0 0 0 0 0 0 1 0 0 0 0 1 0 1 1 1 0 1]
[0 0 0 0 0 0 0 0 0 1 0 0 0 1 0 1 1 1 1 0]
[0 0 0 0 0 0 0 0 0 0 1 1 0 1 1 0 1 1 1 1]
[0 0 0 0 0 0 0 0 0 0 0 0 1 1 1 1 0 0 0 0]
Stabilisator in S_10 x S_10:
Permutation group acting on a set of cardinality 20
Order = 4608 = 2^9 * 3^2
    (3, 6)(4, 5)
    (3, 4)(5, 6)
    (1, 2)(5, 6)
    (1, 4)(2, 3)
    (7, 8)(17, 18)
    (8, 9)(18, 19)
    (9, 10)(19, 20)
    (5, 6)(11, 12)
    (13, 16)(14, 15)
    (13, 14)(15, 16)
Ordnung des Stabilisators: 4608
Abstrakter Gruppentyp: C2^3*S4^2
Erzeuger des Stabilisators:
{
    (9, 10)(19, 20),
    (13, 14)(15, 16),
    (3, 4)(5, 6),
    (13, 16)(14, 15),
    (8, 9)(18, 19),
    (5, 6)(11, 12),
    (1, 2)(5, 6),
    (1, 4)(2, 3),
    (7, 8)(17, 18),
    (3, 6)(4, 5)
}

Klasse 31
Vertreter (Generatormatrix):
[1 0 0 0 0 0 0 0 0 1 0 0 0 0 0 0 0 1 1 0]
[0 1 0 0 0 0 0 0 0 0 0 0 1 1 1 1 1 0 0 0]
[0 0 1 0 0 0 0 0 0 0 0 1 0 1 1 1 1 0 0 0]
[0 0 0 1 0 0 0 0 0 0 0 1 1 0 1 1 1 0 0 0]
[0 0 0 0 1 0 0 0 0 0 0 0 0 0 0 1 1 1 1 1]
[0 0 0 0 0 1 0 0 0 0 0 0 0 0 1 0 1 1 1 1]
[0 0 0 0 0 0 1 0 0 0 0 0 0 0 1 1 0 1 1 1]
[0 0 0 0 0 0 0 1 0 1 0 0 0 0 0 0 0 1 0 1]
[0 0 0 0 0 0 0 0 1 1 0 0 0 0 0 0 0 0 1 1]
[0 0 0 0 0 0 0 0 0 0 1 1 1 1 0 0 0 0 0 0]
Stabilisator in S_10 x S_10:
Permutation group acting on a set of cardinality 20
Order = 3456 = 2^7 * 3^3
    (11, 12)(13, 14)
    (11, 13)(12, 14)
    (1, 8)(9, 10)
    (1, 9)(8, 10)
    (3, 4)(11, 12)
    (2, 3)(11, 14)
    (1, 10)(18, 19)
    (1, 8)(19, 20)
    (5, 6)(15, 16)
    (6, 7)(16, 17)
Ordnung des Stabilisators: 3456
Abstrakter Gruppentyp: S4^2*S3
Erzeuger des Stabilisators:
{
    (11, 12)(13, 14),
    (1, 9)(8, 10),
    (1, 10)(18, 19),
    (2, 3)(11, 14),
    (1, 8)(19, 20),
    (5, 6)(15, 16),
    (1, 8)(9, 10),
    (3, 4)(11, 12),
    (11, 13)(12, 14),
    (6, 7)(16, 17)
}

Klasse 32
Vertreter (Generatormatrix):
[1 0 0 0 0 0 1 0 0 0 0 0 0 0 1 1 0 0 0 0]
[0 1 0 0 0 0 0 0 0 1 0 0 0 0 0 0 0 1 1 0]
[0 0 1 0 0 0 0 0 0 0 0 1 0 1 1 1 1 0 0 0]
[0 0 0 1 0 0 0 0 0 0 0 1 0 1 0 0 0 1 1 1]
[0 0 0 0 1 0 1 0 0 0 0 0 0 0 1 0 1 0 0 0]
[0 0 0 0 0 1 1 0 0 0 0 0 0 0 0 1 1 0 0 0]
[0 0 0 0 0 0 0 1 0 1 0 0 0 0 0 0 0 1 0 1]
[0 0 0 0 0 0 0 0 1 1 0 0 0 0 0 0 0 0 1 1]
[0 0 0 0 0 0 0 0 0 0 1 1 0 0 1 1 1 1 1 1]
[0 0 0 0 0 0 0 0 0 0 0 0 1 1 1 1 1 1 1 1]
Stabilisator in S_10 x S_10:
Permutation group acting on a set of cardinality 20
Order = 9216 = 2^10 * 3^2
    (2, 10)(8, 9)
    (2, 8)(9, 10)
    (1, 5)(6, 7)
    (1, 7)(5, 6)
    (9, 10)(19, 20)
    (8, 10)(18, 20)
    (1, 5)(16, 17)
    (1, 6)(15, 17)
    (1, 10)(2, 7)(5, 9)(6, 8)(13, 14)(15, 18)(16, 19)(17, 20)
    (1, 10)(2, 7)(5, 9)(6, 8)(11, 12)(15, 18)(16, 19)(17, 20)
    (11, 13)(12, 14)
    (1, 10)(2, 7)(3, 4)(5, 9)(6, 8)(15, 18)(16, 19)(17, 20)
Ordnung des Stabilisators: 9216
Abstrakter Gruppentyp: A4^2.D4^2
Erzeuger des Stabilisators:
{
    (9, 10)(19, 20),
    (1, 5)(16, 17),
    (1, 5)(6, 7),
    (2, 10)(8, 9),
    (1, 10)(2, 7)(5, 9)(6, 8)(11, 12)(15, 18)(16, 19)(17, 20),
    (1, 6)(15, 17),
    (2, 8)(9, 10),
    (8, 10)(18, 20),
    (1, 10)(2, 7)(3, 4)(5, 9)(6, 8)(15, 18)(16, 19)(17, 20),
    (1, 10)(2, 7)(5, 9)(6, 8)(13, 14)(15, 18)(16, 19)(17, 20),
    (1, 7)(5, 6),
    (11, 13)(12, 14)
}

Klasse 33
Vertreter (Generatormatrix):
[1 0 0 0 0 0 0 0 0 0 0 1 1 0 0 0 0 1 1 1]
[0 1 0 0 0 0 0 0 0 1 0 0 1 1 1 1 1 0 0 1]
[0 0 1 0 0 0 0 0 0 1 0 1 0 1 1 1 1 0 0 1]
[0 0 0 1 0 0 0 0 0 0 0 1 1 0 1 1 1 0 0 0]
[0 0 0 0 1 0 0 0 0 1 0 1 1 0 0 1 1 1 1 0]
[0 0 0 0 0 1 0 0 0 1 0 1 1 0 1 0 1 1 1 0]
[0 0 0 0 0 0 1 0 0 1 0 1 1 0 1 1 0 1 1 0]
[0 0 0 0 0 0 0 1 0 1 0 0 0 0 0 0 0 1 0 1]
[0 0 0 0 0 0 0 0 1 1 0 0 0 0 0 0 0 0 1 1]
[0 0 0 0 0 0 0 0 0 0 1 1 1 1 0 0 0 0 0 0]
Stabilisator in S_10 x S_10:
Permutation group acting on a set of cardinality 20
Order = 576 = 2^6 * 3^2
    (11, 14)(12, 13)
    (11, 12)(13, 14)
    (9, 10)(19, 20)
    (8, 10)(18, 20)
    (6, 7)(16, 17)
    (2, 3)(12, 13)
    (5, 6)(15, 16)
    (1, 4)(5, 8)(6, 10)(7, 9)(12, 13)(15, 18)(16, 20)(17, 19)
Ordnung des Stabilisators: 576
Abstrakter Gruppentyp: D6^2.C2^2
SmallGroup-Kennung: <576, 8399>
Erzeuger des Stabilisators:
{
    (11, 14)(12, 13),
    (11, 12)(13, 14),
    (2, 3)(12, 13),
    (1, 4)(5, 8)(6, 10)(7, 9)(12, 13)(15, 18)(16, 20)(17, 19),
    (6, 7)(16, 17),
    (8, 10)(18, 20),
    (5, 6)(15, 16),
    (9, 10)(19, 20)
}

Klasse 34
Vertreter (Generatormatrix):
[1 0 0 0 0 0 1 0 0 0 0 0 1 1 0 1 0 1 1 1]
[0 1 0 0 0 0 0 0 0 0 0 0 0 0 0 1 1 1 1 1]
[0 0 1 0 0 0 0 0 0 0 0 1 0 1 1 1 1 0 0 0]
[0 0 0 1 0 0 0 0 0 0 0 1 1 0 1 1 1 0 0 0]
[0 0 0 0 1 0 1 0 0 0 0 0 1 1 0 0 1 1 1 1]
[0 0 0 0 0 1 1 0 0 0 0 0 0 0 0 1 1 0 0 0]
[0 0 0 0 0 0 0 1 0 0 0 0 1 1 1 0 0 0 1 1]
[0 0 0 0 0 0 0 0 1 0 0 0 1 1 1 0 0 1 0 1]
[0 0 0 0 0 0 0 0 0 1 0 0 1 1 1 0 0 1 1 0]
[0 0 0 0 0 0 0 0 0 0 1 1 1 1 0 0 0 0 0 0]
Stabilisator in S_10 x S_10:
Permutation group acting on a set of cardinality 20
Order = 384 = 2^7 * 3
    (1, 6)(5, 7)
    (1, 5)(6, 7)
    (8, 9)(18, 19)
    (9, 10)(19, 20)
    (3, 4)(13, 14)
    (6, 7)(16, 17)
    (3, 4)(11, 12)
    (11, 14)(12, 13)
Ordnung des Stabilisators: 384
Abstrakter Gruppentyp: C3:(D4^2.C2)
SmallGroup-Kennung: <384, 19195>
Erzeuger des Stabilisators:
{
    (1, 6)(5, 7),
    (3, 4)(13, 14),
    (11, 14)(12, 13),
    (1, 5)(6, 7),
    (3, 4)(11, 12),
    (8, 9)(18, 19),
    (6, 7)(16, 17),
    (9, 10)(19, 20)
}

Klasse 35
Vertreter (Generatormatrix):
[1 0 0 0 0 0 1 0 0 1 0 0 0 0 0 1 0 1 1 0]
[0 1 0 0 0 0 0 0 0 1 0 0 1 1 0 1 1 1 1 0]
[0 0 1 0 0 0 0 0 0 1 0 1 0 1 0 1 1 1 1 0]
[0 0 0 1 0 0 0 0 0 1 0 1 1 0 0 1 1 1 1 0]
[0 0 0 0 1 0 1 0 0 1 0 0 0 0 0 0 1 1 1 0]
[0 0 0 0 0 1 1 0 0 0 0 0 0 0 0 1 1 0 0 0]
[0 0 0 0 0 0 0 1 0 1 0 0 0 0 0 0 0 1 0 1]
[0 0 0 0 0 0 0 0 1 1 0 0 0 0 0 0 0 0 1 1]
[0 0 0 0 0 0 0 0 0 0 1 1 1 1 0 0 0 0 0 0]
[0 0 0 0 0 0 0 0 0 0 0 0 0 0 1 0 0 1 1 1]
Stabilisator in S_10 x S_10:
Permutation group acting on a set of cardinality 20
Order = 9216 = 2^10 * 3^2
    (15, 18)(19, 20)
    (15, 20)(18, 19)
    (11, 13)(12, 14)
    (11, 12)(13, 14)
    (8, 10)(15, 19)
    (8, 9)(18, 19)
    (2, 4)(11, 13)
    (2, 3)(11, 14)
    (2, 8)(3, 9)(4, 10)(6, 7)(11, 19)(12, 20)(13, 15)(14, 18)
    (1, 5)(2, 8)(3, 9)(4, 10)(11, 19)(12, 20)(13, 15)(14, 18)
    (1, 7)(5, 6)
    (2, 8)(3, 9)(4, 10)(11, 19)(12, 20)(13, 15)(14, 18)(16, 17)
Ordnung des Stabilisators: 9216
Abstrakter Gruppentyp: A4^2.D4^2
Erzeuger des Stabilisators:
{
    (15, 18)(19, 20),
    (11, 12)(13, 14),
    (8, 9)(18, 19),
    (1, 5)(2, 8)(3, 9)(4, 10)(11, 19)(12, 20)(13, 15)(14, 18),
    (15, 20)(18, 19),
    (2, 3)(11, 14),
    (8, 10)(15, 19),
    (2, 4)(11, 13),
    (2, 8)(3, 9)(4, 10)(11, 19)(12, 20)(13, 15)(14, 18)(16, 17),
    (2, 8)(3, 9)(4, 10)(6, 7)(11, 19)(12, 20)(13, 15)(14, 18),
    (1, 7)(5, 6),
    (11, 13)(12, 14)
}

Klasse 36
Vertreter (Generatormatrix):
[1 0 0 0 0 0 0 0 0 0 1 0 1 1 1 1 1 1 1 1]
[0 1 0 0 0 0 0 0 0 0 1 1 0 0 1 1 1 0 0 0]
[0 0 1 0 0 0 0 0 0 0 0 1 0 1 1 1 1 0 0 0]
[0 0 0 1 0 0 0 0 0 0 0 1 1 0 1 1 1 0 0 0]
[0 0 0 0 1 0 0 0 0 0 0 1 0 0 1 0 0 1 1 1]
[0 0 0 0 0 1 0 0 0 0 0 1 0 0 0 1 0 1 1 1]
[0 0 0 0 0 0 1 0 0 0 0 1 0 0 0 0 1 1 1 1]
[0 0 0 0 0 0 0 1 0 0 1 1 1 1 0 0 0 1 0 0]
[0 0 0 0 0 0 0 0 1 0 1 1 1 1 0 0 0 0 1 0]
[0 0 0 0 0 0 0 0 0 1 1 1 1 1 0 0 0 0 0 1]
Stabilisator in S_10 x S_10:
Permutation group acting on a set of cardinality 20
Order = 648 = 2^3 * 3^4
    (6, 7)(16, 17)
    (5, 7)(15, 17)
    (8, 9)(18, 19)
    (8, 10)(18, 20)
    (3, 4)(13, 14)
    (2, 4)(11, 13)
    (2, 10, 5)(3, 9, 6)(4, 8, 7)(11, 20, 15)(13, 18, 17)(14, 19, 16)
Ordnung des Stabilisators: 648
Abstrakter Gruppentyp: S3wrC3
SmallGroup-Kennung: <648, 705>
Erzeuger des Stabilisators:
{
    (3, 4)(13, 14),
    (2, 10, 5)(3, 9, 6)(4, 8, 7)(11, 20, 15)(13, 18, 17)(14, 19, 16),
    (5, 7)(15, 17),
    (8, 9)(18, 19),
    (6, 7)(16, 17),
    (8, 10)(18, 20),
    (2, 4)(11, 13)
}

Klasse 37
Vertreter (Generatormatrix):
[1 0 0 0 0 0 1 0 0 0 1 0 0 0 1 0 1 1 1 1]
[0 1 0 0 0 0 0 0 0 0 0 0 1 1 1 1 1 0 0 0]
[0 0 1 0 0 0 0 0 0 0 0 0 1 0 1 0 0 1 1 1]
[0 0 0 1 0 0 0 0 0 0 0 0 0 1 1 0 0 1 1 1]
[0 0 0 0 1 0 1 0 0 0 1 0 0 0 1 1 0 1 1 1]
[0 0 0 0 0 1 1 0 0 0 0 0 0 0 0 1 1 0 0 0]
[0 0 0 0 0 0 0 1 0 0 1 0 0 0 0 1 1 0 1 1]
[0 0 0 0 0 0 0 0 1 0 1 0 0 0 0 1 1 1 0 1]
[0 0 0 0 0 0 0 0 0 1 1 0 0 0 0 1 1 1 1 0]
[0 0 0 0 0 0 0 0 0 0 0 1 1 1 0 1 1 1 1 1]
Stabilisator in S_10 x S_10:
Permutation group acting on a set of cardinality 20
Order = 576 = 2^6 * 3^2
    (1, 6)(5, 7)
    (1, 5)(6, 7)
    (8, 9)(18, 19)
    (9, 10)(19, 20)
    (3, 4)(13, 14)
    (2, 4)(12, 14)
    (6, 7)(16, 17)
    (2, 10)(3, 8)(4, 9)(6, 7)(11, 15)(12, 20)(13, 18)(14, 19)
Ordnung des Stabilisators: 576
Abstrakter Gruppentyp: D6^2.C2^2
SmallGroup-Kennung: <576, 8399>
Erzeuger des Stabilisators:
{
    (1, 6)(5, 7),
    (3, 4)(13, 14),
    (1, 5)(6, 7),
    (8, 9)(18, 19),
    (2, 4)(12, 14),
    (2, 10)(3, 8)(4, 9)(6, 7)(11, 15)(12, 20)(13, 18)(14, 19),
    (6, 7)(16, 17),
    (9, 10)(19, 20)
}

Klasse 38
Vertreter (Generatormatrix):
[1 0 0 1 0 0 0 0 0 0 0 1 0 1 0 0 1 1 1 1]
[0 1 0 1 0 0 0 0 0 0 0 1 1 0 0 0 1 1 1 1]
[0 0 1 1 0 0 0 0 0 0 0 0 1 1 0 0 0 0 0 0]
[0 0 0 0 1 0 0 1 0 0 0 0 1 1 0 1 0 1 1 1]
[0 0 0 0 0 1 0 1 0 0 0 0 1 1 0 1 1 0 1 1]
[0 0 0 0 0 0 1 1 0 0 0 0 0 0 0 0 1 1 0 0]
[0 0 0 0 0 0 0 0 1 0 0 0 1 1 0 0 1 1 0 1]
[0 0 0 0 0 0 0 0 0 1 0 0 1 1 0 0 1 1 1 0]
[0 0 0 0 0 0 0 0 0 0 1 1 1 1 0 0 0 0 0 0]
[0 0 0 0 0 0 0 0 0 0 0 0 0 0 1 1 1 1 0 0]
Stabilisator in S_10 x S_10:
Permutation group acting on a set of cardinality 20
Order = 4096 = 2^12
    (5, 6)(7, 8)
    (5, 8)(6, 7)
    (1, 2)(3, 4)
    (1, 4)(2, 3)
    (1, 2)(13, 14)
    (1, 2)(11, 12)
    (11, 14)(12, 13)
    (5, 6)(17, 18)
    (5, 6)(15, 16)
    (15, 18)(16, 17)
    (1, 5)(2, 6)(3, 7)(4, 8)(11, 15)(12, 16)(13, 17)(14, 18)
    (9, 10)(19, 20)
Ordnung des Stabilisators: 4096
Abstrakter Gruppentyp: C2*C2^5.C2^5.C2
Erzeuger des Stabilisators:
{
    (5, 8)(6, 7),
    (1, 2)(11, 12),
    (9, 10)(19, 20),
    (11, 14)(12, 13),
    (5, 6)(7, 8),
    (15, 18)(16, 17),
    (5, 6)(15, 16),
    (1, 2)(13, 14),
    (1, 2)(3, 4),
    (1, 4)(2, 3),
    (5, 6)(17, 18),
    (1, 5)(2, 6)(3, 7)(4, 8)(11, 15)(12, 16)(13, 17)(14, 18)
}

Klasse 39
Vertreter (Generatormatrix):
[1 0 0 1 0 0 0 0 0 0 0 0 1 1 1 1 0 0 1 1]
[0 1 0 1 0 0 0 0 0 0 0 1 1 0 1 1 1 1 0 0]
[0 0 1 1 0 0 0 0 0 0 0 1 0 1 0 0 1 1 1 1]
[0 0 0 0 1 0 0 0 0 0 0 1 0 1 0 1 0 0 1 1]
[0 0 0 0 0 1 0 0 0 0 0 1 0 1 1 0 0 0 1 1]
[0 0 0 0 0 0 1 0 0 0 0 0 1 1 1 1 0 1 0 0]
[0 0 0 0 0 0 0 1 0 0 0 0 1 1 1 1 1 0 0 0]
[0 0 0 0 0 0 0 0 1 0 0 1 1 0 0 0 1 1 0 1]
[0 0 0 0 0 0 0 0 0 1 0 1 1 0 0 0 1 1 1 0]
[0 0 0 0 0 0 0 0 0 0 1 1 1 1 0 0 0 0 0 0]
Stabilisator in S_10 x S_10:
Permutation group acting on a set of cardinality 20
Order = 384 = 2^7 * 3
    (1, 2)(3, 4)
    (1, 3)(2, 4)
    (7, 8)(17, 18)
    (5, 6)(15, 16)
    (11, 14)(12, 13)
    (11, 13)(12, 14)
    (9, 10)(19, 20)
    (1, 4, 2)(5, 8, 10)(6, 7, 9)(12, 14, 13)(15, 18, 20)(16, 17, 19)
Ordnung des Stabilisators: 384
Abstrakter Gruppentyp: C2^6.C6
SmallGroup-Kennung: <384, 20165>
Erzeuger des Stabilisators:
{
    (11, 14)(12, 13),
    (1, 2)(3, 4),
    (1, 3)(2, 4),
    (1, 4, 2)(5, 8, 10)(6, 7, 9)(12, 14, 13)(15, 18, 20)(16, 17, 19),
    (7, 8)(17, 18),
    (5, 6)(15, 16),
    (11, 13)(12, 14),
    (9, 10)(19, 20)
}

Klasse 40
Vertreter (Generatormatrix):
[1 0 0 0 0 0 0 0 0 0 1 0 0 0 1 1 0 0 1 1]
[0 1 0 0 0 0 0 0 0 0 0 1 0 0 1 1 0 0 1 1]
[0 0 1 0 0 0 0 0 0 0 0 0 0 1 0 0 1 1 1 1]
[0 0 0 1 0 0 0 0 0 0 0 0 1 0 0 0 1 1 1 1]
[0 0 0 0 1 0 0 0 0 0 1 1 0 0 0 1 1 1 0 0]
[0 0 0 0 0 1 0 0 0 0 1 1 0 0 1 0 1 1 0 0]
[0 0 0 0 0 0 1 0 0 0 0 0 1 1 1 1 0 1 0 0]
[0 0 0 0 0 0 0 1 0 0 0 0 1 1 1 1 1 0 0 0]
[0 0 0 0 0 0 0 0 1 0 1 1 1 1 0 0 0 0 1 0]
[0 0 0 0 0 0 0 0 0 1 1 1 1 1 0 0 0 0 0 1]
Stabilisator in S_10 x S_10:
Permutation group acting on a set of cardinality 20
Order = 320 = 2^6 * 5
    (5, 6)(15, 16)
    (7, 8)(17, 18)
    (3, 4)(13, 14)
    (1, 2)(11, 12)
    (1, 4)(2, 3)(5, 8)(6, 7)(11, 13)(12, 14)(15, 18)(16, 17)
    (9, 10)(19, 20)
    (1, 10)(2, 9)(3, 5)(4, 6)(11, 20)(12, 19)(13, 15)(14, 16)
Ordnung des Stabilisators: 320
Abstrakter Gruppentyp: C2*C2^4:D5
SmallGroup-Kennung: <320, 1636>
Erzeuger des Stabilisators:
{
    (3, 4)(13, 14),
    (1, 2)(11, 12),
    (1, 4)(2, 3)(5, 8)(6, 7)(11, 13)(12, 14)(15, 18)(16, 17),
    (1, 10)(2, 9)(3, 5)(4, 6)(11, 20)(12, 19)(13, 15)(14, 16),
    (5, 6)(15, 16),
    (7, 8)(17, 18),
    (9, 10)(19, 20)
}

Klasse 41
Vertreter (Generatormatrix):
[1 0 0 1 0 1 1 0 0 0 0 0 0 0 0 0 0 0 0 0]
[0 1 0 1 0 1 0 1 0 0 0 0 0 0 0 0 0 0 0 0]
[0 0 1 1 0 0 1 1 0 0 0 0 0 0 0 0 0 0 0 0]
[0 0 0 0 1 1 1 1 0 0 0 0 0 0 0 0 0 0 0 0]
[0 0 0 0 0 0 0 0 1 0 0 0 0 0 0 0 0 0 1 0]
[0 0 0 0 0 0 0 0 0 1 0 0 0 0 0 0 0 0 0 1]
[0 0 0 0 0 0 0 0 0 0 1 0 0 1 0 1 1 0 0 0]
[0 0 0 0 0 0 0 0 0 0 0 1 0 1 0 1 0 1 0 0]
[0 0 0 0 0 0 0 0 0 0 0 0 1 1 0 0 1 1 0 0]
[0 0 0 0 0 0 0 0 0 0 0 0 0 0 1 1 1 1 0 0]
Stabilisator in S_10 x S_10:
Permutation group acting on a set of cardinality 20
Order = 3612672 = 2^13 * 3^2 * 7^2
    (3, 4)(5, 6)
    (3, 6)(4, 5)
    (1, 7)(3, 5)
    (1, 4)(6, 7)
    (3, 4)(7, 8)
    (2, 8)(3, 5)
    (13, 14)(15, 16)
    (13, 16)(14, 15)
    (11, 17)(13, 15)
    (11, 14)(16, 17)
    (13, 14)(17, 18)
    (12, 18)(13, 15)
    (9, 10)(19, 20)
Ordnung des Stabilisators: 3612672
Abstrakter Gruppentyp: C2*(C2^3.PSL(2,7))^2
Erzeuger des Stabilisators:
{
    (9, 10)(19, 20),
    (2, 8)(3, 5),
    (13, 14)(15, 16),
    (3, 4)(7, 8),
    (12, 18)(13, 15),
    (3, 4)(5, 6),
    (1, 4)(6, 7),
    (11, 17)(13, 15),
    (1, 7)(3, 5),
    (11, 14)(16, 17),
    (13, 16)(14, 15),
    (13, 14)(17, 18),
    (3, 6)(4, 5)
}

Klasse 42
Vertreter (Generatormatrix):
[1 0 0 1 0 1 0 0 1 0 0 0 0 0 1 1 1 1 0 0]
[0 1 0 1 0 1 0 0 1 0 0 0 0 0 1 1 1 0 1 0]
[0 0 1 1 0 0 0 0 0 0 0 0 0 0 0 0 0 1 1 0]
[0 0 0 0 1 1 0 0 0 0 0 0 0 0 0 0 0 1 1 0]
[0 0 0 0 0 0 1 0 0 0 0 0 0 0 1 1 1 1 1 0]
[0 0 0 0 0 0 0 1 1 0 0 0 0 0 0 0 0 1 1 0]
[0 0 0 0 0 0 0 0 0 1 0 0 0 0 0 0 0 0 0 1]
[0 0 0 0 0 0 0 0 0 0 1 0 0 1 0 1 1 0 0 0]
[0 0 0 0 0 0 0 0 0 0 0 1 0 1 1 0 1 0 0 0]
[0 0 0 0 0 0 0 0 0 0 0 0 1 1 1 1 0 0 0 0]
Stabilisator in S_10 x S_10:
Permutation group acting on a set of cardinality 20
Order = 64512 = 2^10 * 3^2 * 7
    (1, 5)(2, 6)
    (1, 2)(5, 6)
    (5, 6)(8, 9)
    (1, 8)(2, 9)
    (3, 4)(5, 6)
    (3, 9)(4, 8)
    (13, 16)(14, 15)
    (13, 14)(15, 16)
    (11, 17)(14, 16)
    (11, 13)(15, 17)
    (11, 12)(15, 16)
    (5, 6)(18, 19)
Ordnung des Stabilisators: 64512
Abstrakter Gruppentyp: C2^3:S4.C2*PSL(2,7)
Erzeuger des Stabilisators:
{
    (13, 14)(15, 16),
    (5, 6)(18, 19),
    (3, 9)(4, 8),
    (3, 4)(5, 6),
    (11, 17)(14, 16),
    (1, 5)(2, 6),
    (13, 16)(14, 15),
    (11, 13)(15, 17),
    (1, 2)(5, 6),
    (11, 12)(15, 16),
    (5, 6)(8, 9),
    (1, 8)(2, 9)
}

Klasse 43
Vertreter (Generatormatrix):
[1 0 0 0 0 0 0 0 0 1 0 0 0 0 0 0 0 1 1 0]
[0 1 0 0 0 0 1 0 0 0 0 0 0 0 1 1 1 1 1 1]
[0 0 1 0 0 1 0 0 0 0 0 0 0 0 1 1 1 1 1 1]
[0 0 0 1 0 1 1 0 0 0 0 0 0 0 0 0 0 1 1 1]
[0 0 0 0 1 1 1 0 0 0 0 0 0 0 1 1 1 0 0 0]
[0 0 0 0 0 0 0 1 0 1 0 0 0 0 0 0 0 1 0 1]
[0 0 0 0 0 0 0 0 1 1 0 0 0 0 0 0 0 0 1 1]
[0 0 0 0 0 0 0 0 0 0 1 0 0 1 0 1 1 0 0 0]
[0 0 0 0 0 0 0 0 0 0 0 1 0 1 1 0 1 0 0 0]
[0 0 0 0 0 0 0 0 0 0 0 0 1 1 1 1 0 0 0 0]
Stabilisator in S_10 x S_10:
Permutation group acting on a set of cardinality 20
Order = 96768 = 2^9 * 3^3 * 7
    (13, 14)(15, 16)
    (13, 15)(14, 16)
    (11, 17)(14, 16)
    (11, 15)(13, 17)
    (11, 12)(13, 14)
    (2, 3)(6, 7)
    (2, 6)(3, 7)
    (2, 7)(4, 5)
    (3, 4)(5, 6)
    (9, 10)(19, 20)
    (1, 10)(18, 19)
    (1, 8)(19, 20)
Ordnung des Stabilisators: 96768
Abstrakter Gruppentyp: PSL(2,7)*S4^2
Erzeuger des Stabilisators:
{
    (9, 10)(19, 20),
    (13, 14)(15, 16),
    (1, 10)(18, 19),
    (2, 3)(6, 7),
    (1, 8)(19, 20),
    (11, 15)(13, 17),
    (3, 4)(5, 6),
    (11, 12)(13, 14),
    (2, 7)(4, 5),
    (11, 17)(14, 16),
    (13, 15)(14, 16),
    (2, 6)(3, 7)
}

Klasse 44
Vertreter (Generatormatrix):
[1 0 0 1 0 1 1 0 0 0 0 0 0 0 0 0 0 0 0 0]
[0 1 0 1 0 1 0 0 0 0 0 0 0 0 0 0 0 1 1 1]
[0 0 1 1 0 0 1 0 0 0 0 0 0 0 0 0 0 1 1 1]
[0 0 0 0 1 1 1 0 0 0 0 0 0 0 0 0 0 1 1 1]
[0 0 0 0 0 0 0 1 0 0 0 0 0 0 1 1 1 0 1 1]
[0 0 0 0 0 0 0 0 1 0 0 0 0 0 1 1 1 1 0 1]
[0 0 0 0 0 0 0 0 0 1 0 0 0 0 1 1 1 1 1 0]
[0 0 0 0 0 0 0 0 0 0 1 0 0 1 0 1 1 0 0 0]
[0 0 0 0 0 0 0 0 0 0 0 1 0 1 1 0 1 0 0 0]
[0 0 0 0 0 0 0 0 0 0 0 0 1 1 1 1 0 0 0 0]
Stabilisator in S_10 x S_10:
Permutation group acting on a set of cardinality 20
Order = 169344 = 2^7 * 3^3 * 7^2
    (1, 7)(4, 6)
    (1, 4)(6, 7)
    (2, 5)(4, 7)
    (1, 2)(5, 6)
    (2, 3)(6, 7)
    (13, 14)(15, 16)
    (13, 16)(14, 15)
    (12, 17)(14, 15)
    (12, 13)(16, 17)
    (11, 17)(13, 15)
    (8, 9)(18, 19)
    (9, 10)(19, 20)
Ordnung des Stabilisators: 169344
Abstrakter Gruppentyp: PSL(2,7)^2*S3
Erzeuger des Stabilisators:
{
    (9, 10)(19, 20),
    (13, 14)(15, 16),
    (2, 3)(6, 7),
    (2, 5)(4, 7),
    (1, 4)(6, 7),
    (11, 17)(13, 15),
    (13, 16)(14, 15),
    (8, 9)(18, 19),
    (1, 2)(5, 6),
    (12, 13)(16, 17),
    (1, 7)(4, 6),
    (12, 17)(14, 15)
}

Klasse 45
Vertreter (Generatormatrix):
[1 0 0 1 0 1 1 0 0 0 0 0 0 0 0 0 0 0 0 0]
[0 1 0 1 0 1 0 0 0 0 1 0 0 0 0 0 0 1 1 0]
[0 0 1 1 0 0 1 0 0 0 1 0 0 0 0 0 0 1 1 0]
[0 0 0 0 1 1 1 0 0 0 1 0 0 0 0 0 0 1 1 0]
[0 0 0 0 0 0 0 1 0 0 1 0 0 0 1 1 1 0 1 0]
[0 0 0 0 0 0 0 0 1 0 1 0 0 0 1 1 1 1 0 0]
[0 0 0 0 0 0 0 0 0 1 0 0 0 0 0 0 0 0 0 1]
[0 0 0 0 0 0 0 0 0 0 0 1 0 0 0 0 1 1 1 0]
[0 0 0 0 0 0 0 0 0 0 0 0 1 0 0 1 0 1 1 0]
[0 0 0 0 0 0 0 0 0 0 0 0 0 1 1 0 0 1 1 0]
Stabilisator in S_10 x S_10:
Permutation group acting on a set of cardinality 20
Order = 64512 = 2^10 * 3^2 * 7
    (12, 14)(15, 17)
    (12, 17)(14, 15)
    (14, 15)(18, 19)
    (12, 19)(17, 18)
    (13, 16)(14, 15)
    (13, 18)(16, 19)
    (1, 7)(4, 6)
    (1, 4)(6, 7)
    (2, 5)(4, 7)
    (1, 2)(5, 6)
    (2, 3)(6, 7)
    (8, 9)(14, 15)
Ordnung des Stabilisators: 64512
Abstrakter Gruppentyp: C2^3:S4.C2*PSL(2,7)
Erzeuger des Stabilisators:
{
    (13, 18)(16, 19),
    (2, 3)(6, 7),
    (2, 5)(4, 7),
    (1, 4)(6, 7),
    (14, 15)(18, 19),
    (12, 14)(15, 17),
    (12, 19)(17, 18),
    (13, 16)(14, 15),
    (1, 2)(5, 6),
    (8, 9)(14, 15),
    (1, 7)(4, 6),
    (12, 17)(14, 15)
}

Klasse 46
Vertreter (Generatormatrix):
[1 0 0 1 0 1 1 0 0 0 0 0 0 0 0 0 0 0 0 0]
[0 1 0 1 0 1 0 0 0 0 0 0 0 0 1 1 1 0 0 0]
[0 0 1 1 0 0 1 0 0 0 0 0 0 0 1 1 1 0 0 0]
[0 0 0 0 1 1 1 0 0 0 0 0 0 0 1 1 1 0 0 0]
[0 0 0 0 0 0 0 1 0 0 0 0 0 1 0 1 1 0 1 1]
[0 0 0 0 0 0 0 0 1 0 0 0 0 1 0 1 1 1 0 1]
[0 0 0 0 0 0 0 0 0 1 0 0 0 1 0 1 1 1 1 0]
[0 0 0 0 0 0 0 0 0 0 1 0 0 0 0 0 0 1 1 1]
[0 0 0 0 0 0 0 0 0 0 0 1 0 1 1 0 1 0 0 0]
[0 0 0 0 0 0 0 0 0 0 0 0 1 1 1 1 0 0 0 0]
Stabilisator in S_10 x S_10:
Permutation group acting on a set of cardinality 20
Order = 96768 = 2^9 * 3^3 * 7
    (2, 7)(4, 5)
    (2, 4)(5, 7)
    (1, 6)(4, 7)
    (1, 2)(5, 6)
    (1, 3)(5, 7)
    (12, 16)(13, 17)
    (12, 13)(16, 17)
    (12, 17)(14, 15)
    (13, 14)(15, 16)
    (9, 10)(11, 18)
    (8, 9)(18, 19)
    (9, 10)(19, 20)
Ordnung des Stabilisators: 96768
Abstrakter Gruppentyp: PSL(2,7)*S4^2
Erzeuger des Stabilisators:
{
    (9, 10)(19, 20),
    (13, 14)(15, 16),
    (2, 4)(5, 7),
    (1, 3)(5, 7),
    (2, 7)(4, 5),
    (1, 6)(4, 7),
    (12, 16)(13, 17),
    (8, 9)(18, 19),
    (1, 2)(5, 6),
    (12, 13)(16, 17),
    (12, 17)(14, 15),
    (9, 10)(11, 18)
}

Klasse 47
Vertreter (Generatormatrix):
[1 0 0 1 0 1 0 0 0 0 1 0 0 0 1 1 1 1 1 1]
[0 1 0 1 0 1 0 0 0 0 1 0 0 1 1 0 0 0 0 0]
[0 0 1 1 0 0 0 0 0 0 0 0 0 1 0 1 1 1 1 1]
[0 0 0 0 1 1 0 0 0 0 0 0 0 1 0 1 1 1 1 1]
[0 0 0 0 0 0 1 0 0 0 0 0 0 1 1 0 0 1 1 1]
[0 0 0 0 0 0 0 1 0 0 1 0 0 1 0 1 1 1 0 0]
[0 0 0 0 0 0 0 0 1 0 1 0 0 1 0 1 1 0 1 0]
[0 0 0 0 0 0 0 0 0 1 1 0 0 1 0 1 1 0 0 1]
[0 0 0 0 0 0 0 0 0 0 0 1 0 1 1 0 1 0 0 0]
[0 0 0 0 0 0 0 0 0 0 0 0 1 1 1 1 0 0 0 0]
Stabilisator in S_10 x S_10:
Permutation group acting on a set of cardinality 20
Order = 3456 = 2^7 * 3^3
    (3, 5)(4, 6)
    (3, 4)(5, 6)
    (1, 2)(5, 6)
    (1, 3)(2, 4)
    (13, 14)(15, 16)
    (13, 15)(14, 16)
    (8, 9)(18, 19)
    (9, 10)(19, 20)
    (12, 17)(13, 16)
    (12, 14)(15, 17)
Ordnung des Stabilisators: 3456
Abstrakter Gruppentyp: S4^2*S3
Erzeuger des Stabilisators:
{
    (13, 15)(14, 16),
    (13, 14)(15, 16),
    (1, 3)(2, 4),
    (9, 10)(19, 20),
    (8, 9)(18, 19),
    (3, 5)(4, 6),
    (12, 17)(13, 16),
    (3, 4)(5, 6),
    (1, 2)(5, 6),
    (12, 14)(15, 17)
}

Klasse 48
Vertreter (Generatormatrix):
[1 0 0 1 0 1 0 1 0 1 0 1 0 1 0 1 0 1 1 0]
[0 1 0 1 0 1 0 1 0 1 0 1 0 1 0 1 0 1 0 1]
[0 0 1 1 0 0 0 0 0 0 0 0 0 0 0 0 0 0 1 1]
[0 0 0 0 1 1 0 0 0 0 0 0 0 0 0 0 0 0 1 1]
[0 0 0 0 0 0 1 1 0 0 0 0 0 0 0 0 0 0 1 1]
[0 0 0 0 0 0 0 0 1 1 0 0 0 0 0 0 0 0 1 1]
[0 0 0 0 0 0 0 0 0 0 1 1 0 0 0 0 0 0 1 1]
[0 0 0 0 0 0 0 0 0 0 0 0 1 1 0 0 0 0 1 1]
[0 0 0 0 0 0 0 0 0 0 0 0 0 0 1 1 0 0 1 1]
[0 0 0 0 0 0 0 0 0 0 0 0 0 0 0 0 1 1 1 1]
Stabilisator in S_10 x S_10:
Permutation group acting on a set of cardinality 20
Order = 7372800 = 2^15 * 3^2 * 5^2
    (5, 8)(6, 7)
    (5, 6)(7, 8)
    (7, 8)(9, 10)
    (5, 10)(6, 9)
    (3, 4)(7, 8)
    (3, 10)(4, 9)
    (1, 2)(7, 8)
    (1, 4)(2, 3)
    (7, 8)(15, 16)
    (7, 8)(13, 14)
    (13, 16)(14, 15)
    (7, 8)(17, 18)
    (13, 18)(14, 17)
    (7, 8)(11, 12)
    (11, 18)(12, 17)
    (7, 8)(19, 20)
    (11, 20)(12, 19)
Ordnung des Stabilisators: 7372800
Abstrakter Gruppentyp: C2^9.A5.S5.C2
Erzeuger des Stabilisators:
{
    (7, 8)(13, 14),
    (7, 8)(9, 10),
    (5, 8)(6, 7),
    (7, 8)(15, 16),
    (3, 10)(4, 9),
    (5, 6)(7, 8),
    (13, 18)(14, 17),
    (7, 8)(17, 18),
    (7, 8)(11, 12),
    (5, 10)(6, 9),
    (13, 16)(14, 15),
    (1, 2)(7, 8),
    (1, 4)(2, 3),
    (7, 8)(19, 20),
    (11, 18)(12, 17),
    (11, 20)(12, 19),
    (3, 4)(7, 8)
}

Klasse 49
Vertreter (Generatormatrix):
[1 0 0 1 0 0 0 0 0 1 0 0 0 0 0 0 1 1 1 0]
[0 1 0 1 0 0 0 0 0 0 0 0 0 0 0 0 0 0 1 1]
[0 0 1 1 0 0 0 0 0 1 0 0 0 0 0 0 1 1 0 1]
[0 0 0 0 1 0 0 1 0 0 0 1 0 1 0 1 1 0 1 1]
[0 0 0 0 0 1 0 1 0 0 0 1 0 1 0 1 0 1 1 1]
[0 0 0 0 0 0 1 1 0 0 0 0 0 0 0 0 1 1 0 0]
[0 0 0 0 0 0 0 0 1 1 0 0 0 0 0 0 0 0 1 1]
[0 0 0 0 0 0 0 0 0 0 1 1 0 0 0 0 1 1 0 0]
[0 0 0 0 0 0 0 0 0 0 0 0 1 1 0 0 1 1 0 0]
[0 0 0 0 0 0 0 0 0 0 0 0 0 0 1 1 1 1 0 0]
Stabilisator in S_10 x S_10:
Permutation group acting on a set of cardinality 20
Order = 73728 = 2^13 * 3^2
    (15, 16)(17, 18)
    (15, 18)(16, 17)
    (13, 14)(15, 16)
    (13, 18)(14, 17)
    (11, 12)(15, 16)
    (11, 14)(12, 13)
    (1, 3)(9, 10)
    (1, 9)(3, 10)
    (1, 3)(2, 4)
    (2, 9)(4, 10)
    (5, 6)(15, 16)
    (7, 8)(15, 16)
    (5, 8)(6, 7)
    (1, 3)(19, 20)
Ordnung des Stabilisators: 73728
Abstrakter Gruppentyp: C2*C2^3.(D4*S4)*S4
Erzeuger des Stabilisators:
{
    (5, 8)(6, 7),
    (13, 14)(15, 16),
    (11, 14)(12, 13),
    (7, 8)(15, 16),
    (1, 3)(2, 4),
    (15, 18)(16, 17),
    (5, 6)(15, 16),
    (1, 3)(9, 10),
    (13, 18)(14, 17),
    (1, 9)(3, 10),
    (11, 12)(15, 16),
    (2, 9)(4, 10),
    (1, 3)(19, 20),
    (15, 16)(17, 18)
}

Klasse 50
Vertreter (Generatormatrix):
[1 0 0 1 0 1 0 1 0 0 0 0 0 0 0 0 1 1 1 1]
[0 1 0 1 0 1 0 1 0 0 0 1 0 1 0 1 0 1 0 0]
[0 0 1 1 0 0 0 0 0 0 0 1 0 1 0 1 1 0 1 1]
[0 0 0 0 1 1 0 0 0 0 0 1 0 1 0 1 1 0 1 1]
[0 0 0 0 0 0 1 1 0 0 0 1 0 1 0 1 1 0 1 1]
[0 0 0 0 0 0 0 0 1 0 0 1 0 1 0 1 0 1 0 1]
[0 0 0 0 0 0 0 0 0 1 0 1 0 1 0 1 0 1 1 0]
[0 0 0 0 0 0 0 0 0 0 1 1 0 0 0 0 1 1 0 0]
[0 0 0 0 0 0 0 0 0 0 0 0 1 1 0 0 1 1 0 0]
[0 0 0 0 0 0 0 0 0 0 0 0 0 0 1 1 1 1 0 0]
Stabilisator in S_10 x S_10:
Permutation group acting on a set of cardinality 20
Order = 73728 = 2^13 * 3^2
    (5, 6)(7, 8)
    (5, 8)(6, 7)
    (1, 2)(5, 6)
    (1, 7)(2, 8)
    (3, 4)(5, 6)
    (1, 4)(2, 3)
    (13, 16)(14, 15)
    (13, 14)(15, 16)
    (15, 16)(17, 18)
    (13, 18)(14, 17)
    (11, 12)(15, 16)
    (11, 18)(12, 17)
    (9, 10)(19, 20)
Ordnung des Stabilisators: 73728
Abstrakter Gruppentyp: C2*(C2^3:S4)^2
Erzeuger des Stabilisators:
{
    (5, 8)(6, 7),
    (9, 10)(19, 20),
    (13, 14)(15, 16),
    (11, 18)(12, 17),
    (5, 6)(7, 8),
    (1, 7)(2, 8),
    (3, 4)(5, 6),
    (13, 18)(14, 17),
    (13, 16)(14, 15),
    (1, 2)(5, 6),
    (11, 12)(15, 16),
    (1, 4)(2, 3),
    (15, 16)(17, 18)
}

Klasse 51
Vertreter (Generatormatrix):
[1 0 0 1 0 1 0 0 0 0 1 0 0 0 0 0 0 0 1 1]
[0 1 0 1 0 1 0 0 0 0 0 1 0 0 0 0 0 0 1 1]
[0 0 1 1 0 0 0 0 0 0 1 1 0 0 0 0 0 0 0 0]
[0 0 0 0 1 1 0 0 0 0 1 1 0 0 0 0 0 0 0 0]
[0 0 0 0 0 0 1 0 0 0 0 0 0 1 0 1 1 0 1 1]
[0 0 0 0 0 0 0 1 0 0 0 0 0 1 0 1 0 1 1 1]
[0 0 0 0 0 0 0 0 1 0 1 1 0 0 0 0 1 1 1 0]
[0 0 0 0 0 0 0 0 0 1 1 1 0 0 0 0 1 1 0 1]
[0 0 0 0 0 0 0 0 0 0 0 0 1 1 0 0 1 1 0 0]
[0 0 0 0 0 0 0 0 0 0 0 0 0 0 1 1 1 1 0 0]
Stabilisator in S_10 x S_10:
Permutation group acting on a set of cardinality 20
Order = 4608 = 2^9 * 3^2
    (1, 5)(2, 6)
    (1, 2)(5, 6)
    (3, 4)(5, 6)
    (1, 3)(2, 4)
    (13, 16)(14, 15)
    (13, 14)(15, 16)
    (15, 16)(17, 18)
    (13, 18)(14, 17)
    (7, 8)(15, 16)
    (5, 6)(11, 12)
    (9, 10)(19, 20)
Ordnung des Stabilisators: 4608
Abstrakter Gruppentyp: C2^3*S4^2
Erzeuger des Stabilisators:
{
    (1, 3)(2, 4),
    (15, 16)(17, 18),
    (13, 16)(14, 15),
    (1, 5)(2, 6),
    (13, 14)(15, 16),
    (9, 10)(19, 20),
    (13, 18)(14, 17),
    (7, 8)(15, 16),
    (3, 4)(5, 6),
    (5, 6)(11, 12),
    (1, 2)(5, 6)
}

Klasse 52
Vertreter (Generatormatrix):
[1 0 0 1 0 1 0 1 0 0 0 0 0 0 0 1 1 0 1 1]
[0 1 0 1 0 1 0 1 0 0 0 0 0 0 0 1 0 1 1 1]
[0 0 1 1 0 0 0 0 0 0 0 0 0 0 0 0 1 1 0 0]
[0 0 0 0 1 1 0 0 0 0 0 0 0 0 0 0 1 1 0 0]
[0 0 0 0 0 0 1 1 0 0 0 0 0 0 0 0 1 1 0 0]
[0 0 0 0 0 0 0 0 1 0 0 0 1 1 0 0 1 1 1 0]
[0 0 0 0 0 0 0 0 0 1 0 0 1 1 0 0 1 1 0 1]
[0 0 0 0 0 0 0 0 0 0 1 0 1 0 0 0 0 0 1 1]
[0 0 0 0 0 0 0 0 0 0 0 1 0 1 0 0 0 0 1 1]
[0 0 0 0 0 0 0 0 0 0 0 0 0 0 1 1 1 1 0 0]
Stabilisator in S_10 x S_10:
Permutation group acting on a set of cardinality 20
Order = 73728 = 2^13 * 3^2
    (3, 4)(5, 6)
    (3, 6)(4, 5)
    (1, 2)(3, 4)
    (1, 6)(2, 5)
    (3, 4)(7, 8)
    (1, 8)(2, 7)
    (12, 14)(19, 20)
    (12, 20)(14, 19)
    (11, 13)(12, 14)
    (11, 20)(13, 19)
    (3, 4)(17, 18)
    (3, 4)(15, 16)
    (15, 18)(16, 17)
    (9, 10)(12, 14)
Ordnung des Stabilisators: 73728
Abstrakter Gruppentyp: C2*C2^3.(D4*S4)*S4
Erzeuger des Stabilisators:
{
    (3, 4)(7, 8),
    (1, 6)(2, 5),
    (15, 18)(16, 17),
    (12, 20)(14, 19),
    (3, 4)(5, 6),
    (11, 20)(13, 19),
    (12, 14)(19, 20),
    (3, 4)(15, 16),
    (1, 8)(2, 7),
    (1, 2)(3, 4),
    (11, 13)(12, 14),
    (3, 6)(4, 5),
    (3, 4)(17, 18),
    (9, 10)(12, 14)
}

Klasse 53
Vertreter (Generatormatrix):
[1 0 0 0 0 0 0 0 0 1 0 1 0 1 1 0 1 1 1 0]
[0 1 0 0 0 0 0 1 0 0 0 1 0 1 0 1 1 0 1 1]
[0 0 1 0 0 0 0 0 0 0 0 1 0 1 1 0 0 0 1 1]
[0 0 0 1 0 0 0 1 0 0 0 1 0 1 0 1 0 1 1 1]
[0 0 0 0 1 0 0 0 0 1 0 1 0 1 1 0 1 1 0 1]
[0 0 0 0 0 1 0 0 0 0 0 1 0 1 0 1 1 1 0 0]
[0 0 0 0 0 0 1 1 0 0 0 0 0 0 0 0 1 1 0 0]
[0 0 0 0 0 0 0 0 1 1 0 0 0 0 0 0 0 0 1 1]
[0 0 0 0 0 0 0 0 0 0 1 1 0 0 1 1 0 0 0 0]
[0 0 0 0 0 0 0 0 0 0 0 0 1 1 1 1 0 0 0 0]
Stabilisator in S_10 x S_10:
Permutation group acting on a set of cardinality 20
Order = 3072 = 2^10 * 3
    (11, 12)(15, 16)
    (11, 15)(12, 16)
    (11, 12)(13, 14)
    (13, 16)(14, 15)
    (1, 10)(5, 9)
    (1, 5)(9, 10)
    (9, 10)(19, 20)
    (7, 8)(17, 18)
    (2, 4)(17, 18)
    (2, 7)(4, 8)
    (1, 2)(3, 6)(4, 5)(7, 10, 8, 9)(11, 12)(17, 20, 18, 19)
Ordnung des Stabilisators: 3072
Abstrakter Gruppentyp: (C2*D4*A4).C2^4
Erzeuger des Stabilisators:
{
    (11, 12)(13, 14),
    (9, 10)(19, 20),
    (11, 15)(12, 16),
    (13, 16)(14, 15),
    (11, 12)(15, 16),
    (2, 4)(17, 18),
    (7, 8)(17, 18),
    (1, 2)(3, 6)(4, 5)(7, 10, 8, 9)(11, 12)(17, 20, 18, 19),
    (1, 10)(5, 9),
    (2, 7)(4, 8),
    (1, 5)(9, 10)
}

Klasse 54
Vertreter (Generatormatrix):
[1 0 0 1 0 0 0 1 0 0 1 0 0 0 0 0 0 0 1 1]
[0 1 0 1 0 0 0 0 0 0 1 0 0 0 1 1 0 1 1 1]
[0 0 1 1 0 0 0 1 0 0 0 0 0 0 1 1 0 1 0 0]
[0 0 0 0 1 0 0 0 0 0 0 0 0 1 1 0 0 1 1 1]
[0 0 0 0 0 1 0 0 0 0 0 0 0 1 0 1 0 1 1 1]
[0 0 0 0 0 0 1 1 0 0 1 0 0 0 1 1 0 1 1 1]
[0 0 0 0 0 0 0 0 1 0 1 0 0 0 1 1 1 0 0 1]
[0 0 0 0 0 0 0 0 0 1 1 0 0 0 1 1 1 0 1 0]
[0 0 0 0 0 0 0 0 0 0 0 1 0 0 0 0 1 0 1 1]
[0 0 0 0 0 0 0 0 0 0 0 0 1 1 1 1 0 0 0 0]
Stabilisator in S_10 x S_10:
Permutation group acting on a set of cardinality 20
Order = 3072 = 2^10 * 3
    (1, 8)(3, 7)
    (1, 3)(7, 8)
    (2, 4)(7, 8)
    (1, 2)(3, 4)
    (13, 16)(14, 15)
    (13, 14)(15, 16)
    (5, 6)(15, 16)
    (9, 10)(19, 20)
    (9, 10)(12, 17)
    (12, 20)(17, 19)
    (5, 9, 6, 10)(7, 8)(11, 18)(12, 13)(14, 17)(15, 20, 16, 19)
Ordnung des Stabilisators: 3072
Abstrakter Gruppentyp: (C2*D4*A4).C2^4
Erzeuger des Stabilisators:
{
    (1, 2)(3, 4),
    (9, 10)(19, 20),
    (13, 16)(14, 15),
    (13, 14)(15, 16),
    (12, 20)(17, 19),
    (2, 4)(7, 8),
    (1, 3)(7, 8),
    (9, 10)(12, 17),
    (1, 8)(3, 7),
    (5, 6)(15, 16),
    (5, 9, 6, 10)(7, 8)(11, 18)(12, 13)(14, 17)(15, 20, 16, 19)
}

Klasse 55
Vertreter (Generatormatrix):
[1 0 0 1 0 1 0 1 0 1 0 0 0 0 0 0 0 0 1 0]
[0 1 0 1 0 1 0 1 0 1 0 0 0 0 0 0 0 0 0 1]
[0 0 1 1 0 0 0 0 0 0 0 0 0 0 0 0 0 0 1 1]
[0 0 0 0 1 1 0 0 0 0 0 0 0 0 0 0 0 0 1 1]
[0 0 0 0 0 0 1 1 0 0 0 0 0 0 0 0 0 0 1 1]
[0 0 0 0 0 0 0 0 1 1 0 0 0 0 0 0 0 0 1 1]
[0 0 0 0 0 0 0 0 0 0 1 0 0 1 0 1 1 0 0 0]
[0 0 0 0 0 0 0 0 0 0 0 1 0 1 0 1 0 1 0 0]
[0 0 0 0 0 0 0 0 0 0 0 0 1 1 0 0 1 1 0 0]
[0 0 0 0 0 0 0 0 0 0 0 0 0 0 1 1 1 1 0 0]
Stabilisator in S_10 x S_10:
Permutation group acting on a set of cardinality 20
Order = 5160960 = 2^14 * 3^2 * 5 * 7
    (7, 8)(9, 10)
    (7, 10)(8, 9)
    (5, 6)(7, 8)
    (5, 10)(6, 9)
    (1, 2)(7, 8)
    (1, 5)(2, 6)
    (3, 4)(7, 8)
    (1, 4)(2, 3)
    (13, 14)(15, 16)
    (13, 16)(14, 15)
    (12, 17)(14, 15)
    (12, 13)(16, 17)
    (13, 14)(17, 18)
    (11, 18)(14, 15)
    (7, 8)(19, 20)
Ordnung des Stabilisators: 5160960
Abstrakter Gruppentyp: C2wrS5*C2^3.PSL(2,7)
Erzeuger des Stabilisators:
{
    (11, 18)(14, 15),
    (13, 14)(15, 16),
    (3, 4)(7, 8),
    (5, 6)(7, 8),
    (7, 10)(8, 9),
    (7, 8)(9, 10),
    (1, 2)(7, 8),
    (5, 10)(6, 9),
    (1, 5)(2, 6),
    (13, 16)(14, 15),
    (13, 14)(17, 18),
    (7, 8)(19, 20),
    (1, 4)(2, 3),
    (12, 13)(16, 17),
    (12, 17)(14, 15)
}

Klasse 56
Vertreter (Generatormatrix):
[1 0 0 1 0 1 1 0 0 0 0 0 0 0 0 0 0 0 0 0]
[0 1 0 1 0 1 0 1 0 0 0 0 0 0 0 0 0 0 0 0]
[0 0 1 1 0 0 1 1 0 0 0 0 0 0 0 0 0 0 0 0]
[0 0 0 0 1 1 1 1 0 0 0 0 0 0 0 0 0 0 0 0]
[0 0 0 0 0 0 0 0 1 0 0 1 0 1 0 1 0 1 1 0]
[0 0 0 0 0 0 0 0 0 1 0 1 0 1 0 1 0 1 0 1]
[0 0 0 0 0 0 0 0 0 0 1 1 0 0 0 0 0 0 1 1]
[0 0 0 0 0 0 0 0 0 0 0 0 1 1 0 0 0 0 1 1]
[0 0 0 0 0 0 0 0 0 0 0 0 0 0 1 1 0 0 1 1]
[0 0 0 0 0 0 0 0 0 0 0 0 0 0 0 0 1 1 1 1]
Stabilisator in S_10 x S_10:
Permutation group G1 acting on a set of cardinality 20
Order = 5160960 = 2^14 * 3^2 * 5 * 7
    (13, 16)(14, 15)
    (13, 14)(15, 16)
    (15, 16)(17, 18)
    (13, 18)(14, 17)
    (11, 12)(15, 16)
    (11, 18)(12, 17)
    (15, 16)(19, 20)
    (11, 20)(12, 19)
    (3, 6)(4, 5)
    (3, 4)(5, 6)
    (5, 6)(7, 8)
    (3, 8)(4, 7)
    (1, 8)(4, 5)
    (1, 2)(5, 6)
    (9, 10)(15, 16)
Ordnung des Stabilisators: 5160960
Abstrakter Gruppentyp: C2wrS5*C2^3.PSL(2,7)
Erzeuger des Stabilisators:
{
    (13, 14)(15, 16),
    (11, 18)(12, 17),
    (5, 6)(7, 8),
    (3, 4)(5, 6),
    (3, 8)(4, 7),
    (9, 10)(15, 16),
    (13, 18)(14, 17),
    (13, 16)(14, 15),
    (11, 20)(12, 19),
    (11, 12)(15, 16),
    (1, 2)(5, 6),
    (1, 8)(4, 5),
    (15, 16)(19, 20),
    (3, 6)(4, 5),
    (15, 16)(17, 18)
}

Haeufigkeiten der Stabilisatortypen nach SmallGroup-Kennung:
--------------------------------------------------
SmallGroup-Kennung: <648, 705>
Abstrakter Gruppentyp: S3wrC3
Ordnung: 648
Haeufigkeit: 2
Vertreter des Stabilisator-Isomorphietyps (Stabilisator von Klasse 16):
Permutation group S acting on a set of cardinality 20
Order = 648 = 2^3 * 3^4
    (5, 6)(15, 16)
    (4, 6)(14, 16)
    (2, 3)(12, 13)
    (1, 3)(11, 13)
    (8, 9)(18, 19)
    (7, 9)(17, 19)
    (1, 4, 7)(2, 5, 8)(3, 6, 9)(11, 14, 17)(12, 15, 18)(13, 16, 19)
Erzeuger dieses Stabilisatorvertreters:
{
    (2, 3)(12, 13),
    (7, 9)(17, 19),
    (1, 4, 7)(2, 5, 8)(3, 6, 9)(11, 14, 17)(12, 15, 18)(13, 16, 19),
    (8, 9)(18, 19),
    (4, 6)(14, 16),
    (5, 6)(15, 16),
    (1, 3)(11, 13)
}
--------------------------------------------------
SmallGroup-Kennung: <384, 19195>
Abstrakter Gruppentyp: C3:(C2^4.C2^3)
Ordnung: 384
Haeufigkeit: 2
Vertreter des Stabilisator-Isomorphietyps (Stabilisator von Klasse 28):
Permutation group S acting on a set of cardinality 20
Order = 384 = 2^7 * 3
    (13, 16)(14, 15)
    (13, 14)(15, 16)
    (7, 8)(17, 18)
    (8, 9)(18, 19)
    (5, 6)(15, 16)
    (1, 2)(3, 4)
    (1, 4)(2, 3)
    (1, 2)(11, 12)
Erzeuger dieses Stabilisatorvertreters:
{
    (1, 2)(3, 4),
    (13, 16)(14, 15),
    (13, 14)(15, 16),
    (1, 4)(2, 3),
    (8, 9)(18, 19),
    (1, 2)(11, 12),
    (7, 8)(17, 18),
    (5, 6)(15, 16)
}
--------------------------------------------------
SmallGroup-Kennung: <576, 8399>
Abstrakter Gruppentyp: D6^2.C2^2
Ordnung: 576
Haeufigkeit: 2
Vertreter des Stabilisator-Isomorphietyps (Stabilisator von Klasse 33):
Permutation group S acting on a set of cardinality 20
Order = 576 = 2^6 * 3^2
    (11, 14)(12, 13)
    (11, 12)(13, 14)
    (9, 10)(19, 20)
    (8, 10)(18, 20)
    (6, 7)(16, 17)
    (2, 3)(12, 13)
    (5, 6)(15, 16)
    (1, 4)(5, 8)(6, 10)(7, 9)(12, 13)(15, 18)(16, 20)(17, 19)
Erzeuger dieses Stabilisatorvertreters:
{
    (11, 14)(12, 13),
    (11, 12)(13, 14),
    (2, 3)(12, 13),
    (1, 4)(5, 8)(6, 10)(7, 9)(12, 13)(15, 18)(16, 20)(17, 19),
    (6, 7)(16, 17),
    (8, 10)(18, 20),
    (5, 6)(15, 16),
    (9, 10)(19, 20)
}
--------------------------------------------------
SmallGroup-Kennung: <384, 20165>
Abstrakter Gruppentyp: C2^6.C6
Ordnung: 384
Haeufigkeit: 1
Vertreter des Stabilisator-Isomorphietyps (Stabilisator von Klasse 39):
Permutation group S acting on a set of cardinality 20
Order = 384 = 2^7 * 3
    (1, 2)(3, 4)
    (1, 3)(2, 4)
    (7, 8)(17, 18)
    (5, 6)(15, 16)
    (11, 14)(12, 13)
    (11, 13)(12, 14)
    (9, 10)(19, 20)
    (1, 4, 2)(5, 8, 10)(6, 7, 9)(12, 14, 13)(15, 18, 20)(16, 17, 19)
Erzeuger dieses Stabilisatorvertreters:
{
    (11, 14)(12, 13),
    (1, 2)(3, 4),
    (1, 3)(2, 4),
    (1, 4, 2)(5, 8, 10)(6, 7, 9)(12, 14, 13)(15, 18, 20)(16, 17, 19),
    (7, 8)(17, 18),
    (5, 6)(15, 16),
    (11, 13)(12, 14),
    (9, 10)(19, 20)
}
--------------------------------------------------
SmallGroup-Kennung: <320, 1636>
Abstrakter Gruppentyp: C2*C2^4:D5
Ordnung: 320
Haeufigkeit: 1
Vertreter des Stabilisator-Isomorphietyps (Stabilisator von Klasse 40):
Permutation group S acting on a set of cardinality 20
Order = 320 = 2^6 * 5
    (5, 6)(15, 16)
    (7, 8)(17, 18)
    (3, 4)(13, 14)
    (1, 2)(11, 12)
    (1, 4)(2, 3)(5, 8)(6, 7)(11, 13)(12, 14)(15, 18)(16, 17)
    (9, 10)(19, 20)
    (1, 10)(2, 9)(3, 5)(4, 6)(11, 20)(12, 19)(13, 15)(14, 16)
Erzeuger dieses Stabilisatorvertreters:
{
    (3, 4)(13, 14),
    (1, 2)(11, 12),
    (1, 4)(2, 3)(5, 8)(6, 7)(11, 13)(12, 14)(15, 18)(16, 17),
    (1, 10)(2, 9)(3, 5)(4, 6)(11, 20)(12, 19)(13, 15)(14, 16),
    (5, 6)(15, 16),
    (7, 8)(17, 18),
    (9, 10)(19, 20)
}
--------------------------------------------------
Nicht durch die SmallGroups-Datenbank identifizierbare Stabilisatoren:
Klasse 1: Ordnung 3628800, GroupName S10
Klasse 2: Ordnung 69120, GroupName S6*C2^2:S4
Klasse 3: Ordnung 17280, GroupName S6*S4
Klasse 4: Ordnung 80640, GroupName C2*S8
Klasse 5: Ordnung 3628800, GroupName S10
Klasse 6: Ordnung 27648, GroupName A4^2.C2^3*S4
Klasse 7: Ordnung 3456, GroupName S4^2*S3
Klasse 8: Ordnung 36864, GroupName C2*C2^8.S3wrC2
Klasse 9: Ordnung 1536, GroupName (C2^3*S4).C2^3
Klasse 10: Ordnung 2880, GroupName S5*S4
Klasse 11: Ordnung 69120, GroupName S6*C2^2:S4
Klasse 12: Ordnung 23040, GroupName C2^2wrC2.A6.C2
Klasse 13: Ordnung 2304, GroupName C2*A4^2.D4
Klasse 14: Ordnung 2880, GroupName S5*S4
Klasse 15: Ordnung 17280, GroupName S6*S4
Klasse 17: Ordnung 2304, GroupName C2*A4^2.D4
Klasse 18: Ordnung 2304, GroupName C2*A4^2.D4
Klasse 19: Ordnung 169344, GroupName PSL(2,7)^2*S3
Klasse 20: Ordnung 147456, GroupName C2*C2^6.A4^2.C2^3
Klasse 21: Ordnung 4608, GroupName C2^3*S4^2
Klasse 22: Ordnung 4608, GroupName D4*S4*S4
Klasse 23: Ordnung 3456, GroupName S4^2*S3
Klasse 24: Ordnung 110592, GroupName A4^2.C2^3*C2^2:S4
Klasse 25: Ordnung 27648, GroupName A4^2.C2^3*S4
Klasse 26: Ordnung 4608, GroupName C2^3*S4^2
Klasse 27: Ordnung 4608, GroupName D4*S4*S4
Klasse 29: Ordnung 1536, GroupName (C2^3*S4).C2^3
Klasse 30: Ordnung 4608, GroupName C2^3*S4^2
Klasse 31: Ordnung 3456, GroupName S4^2*S3
Klasse 32: Ordnung 9216, GroupName A4^2.D4^2
Klasse 35: Ordnung 9216, GroupName A4^2.D4^2
Klasse 38: Ordnung 4096, GroupName C2*C2^5.C2^5.C2
Klasse 41: Ordnung 3612672, GroupName C2*(C2^3.PSL(2,7))^2
Klasse 42: Ordnung 64512, GroupName C2^3:S4.C2*PSL(2,7)
Klasse 43: Ordnung 96768, GroupName PSL(2,7)*S4^2
Klasse 44: Ordnung 169344, GroupName PSL(2,7)^2*S3
Klasse 45: Ordnung 64512, GroupName C2^3:S4.C2*PSL(2,7)
Klasse 46: Ordnung 96768, GroupName PSL(2,7)*S4^2
Klasse 47: Ordnung 3456, GroupName S4^2*S3
Klasse 48: Ordnung 7372800, GroupName C2^9.A5.S5.C2
Klasse 49: Ordnung 73728, GroupName C2*C2^3.(D4*S4)*S4
Klasse 50: Ordnung 73728, GroupName C2*(C2^3:S4)^2
Klasse 51: Ordnung 4608, GroupName C2^3*S4^2
Klasse 52: Ordnung 73728, GroupName C2*C2^3.(D4*S4)*S4
Klasse 53: Ordnung 3072, GroupName (C2*D4*A4).C2^4
Klasse 54: Ordnung 3072, GroupName (C2*D4*A4).C2^4
Klasse 55: Ordnung 5160960, GroupName C2wrS5*C2^3.PSL(2,7)
Klasse 56: Ordnung 5160960, GroupName C2wrS5*C2^3.PSL(2,7)

Isomorphie-Sicherheitscheck:
Keine doppelten Klassen gefunden.

Massformel-Kontrolle:
Anzahl t_10 aller gelabelten Codes: 326409519150
Erwartete Masse t_N/(N!)^2: 26864981/1083801600
Berechnete Masse Summe 1/|Aut(C)|: 26864981/1083801600
Massformel erfuellt: Die Klassenliste ist vollstaendig.
